1.3270077589320393 4.118897197817324 
1.0741077714571998 4.362788995117819 
0.7770838256853745 4.71330898566448 
0.8660519434542037 4.599578169439605 
0.6764461553618666 4.852718104345247 
1.8690720853735439 3.709446726826287 
1.2133934654305842 4.223286621247356 
1.8572757827802993 3.7170960908937642 
0.6457567722358183 4.89775484511322 
1.0714481938860294 4.365588836743044 
1.2993583950378769 4.143587687467026 
0.5599174711872636 5.0307073880000805 
1.707120024906086 3.818792954643731 
0.6748904762967368 4.8549712426541225 
0.6435036456317136 4.901110932038185 
1.1537566613941084 4.281358070771032 
1.511613538863603 3.96463728227083 
0.6486305918111814 4.893484208921384 
2.079025806981928 3.580743431020319 
0.4109212137264286 5.289668874760984 
0.8257430347361546 4.650075905183915 
1.8720628280673974 3.7075148592153195 
1.1239918255019938 4.31125238744651 
0.5325714936490533 5.075390900627578 
1.178880158128213 4.256603485816157 
1.6731245130093868 3.842999023560153 
1.9764538166813326 3.6419190987822265 
0.6190776564177297 4.937942501667161 
1.154233361827528 4.280884343503743 
1.1515390533298984 4.283563917080783 
1.4326070377928852 4.028504832258946 
1.1163189416374002 4.319060711879407 
1.188007054329873 4.247716362619584 
1.3791291320386887 4.073529454501508 
0.8018437485196056 4.680813144738878 
0.7565224537349392 4.740815078795443 
0.4176439528119062 5.277111658533503 
0.8361476653406885 4.636882233961294 
1.0323582843147863 4.407372243950587 
0.5282018875840921 5.08264178436116 
1.7380029020983756 3.7971951395269583 
0.8312431401312782 4.643087444694983 
1.4162377629533192 4.04212774499648 
0.5003822162192781 5.129545830402595 
0.4678683654677367 5.186045382142607 
0.4071167276653278 5.296815007914171 
2.1521091081782315 3.5389892824320635 
0.8561557427489628 4.611823326986047 
0.5378360149962629 5.066696082021708 
2.4104951010286135 3.402288626352026 
1.152623561357452 4.282484735192586 
0.908723299178161 4.547873549693467 
0.6911463865486975 4.831581029038089 
1.1074976680484825 4.328090337855052 
0.3698246578917388 5.368431037566779 
1.2408045984735827 4.197375998784698 
0.6702761824677237 4.861672773014366 
0.8422810781020645 4.629157130723957 
1.098020508682505 4.337854728742212 
0.6592247180395036 4.877836778227193 
0.6720536753617571 4.859087961657148 
1.5680034587549725 3.9208665971145793 
1.6361723996024524 3.8698395961974947 
1.1912937469830838 4.2445296202972385 
0.6588656289868443 4.878364694104717 
0.981315152198534 4.463783144521246 
0.556704058127213 5.035897008608697 
0.8046127722354403 4.677220612695618 
0.8994753374116474 4.558931206397246 
0.5413168861583985 5.060971598898458 
0.44817788729495944 5.2211829658466895 
2.4289081459119544 3.3931412798605454 
1.6366180350741544 3.869512546422653 
1.002955237065136 4.439604128250258 
0.4683689251578743 5.185161358210583 
0.9432934284172075 4.507239932430688 
2.39738029569692 3.4088491774824456 
0.4549897387025657 5.208946574509515 
1.1104686214896355 4.325042890653503 
0.5557048744507712 5.037513953598397 
1.336192139984798 4.110792818421848 
1.7776532204971494 3.7699957097297516 
0.7109501417473898 4.803537564549464 
1.0430214556196888 4.395855466158248 
0.9521972607212531 4.4969495858975055 
1.4346337062885886 4.026827753772332 
1.2159125418863879 4.220885396698396 
1.298507363030006 4.144354706850419 
2.559781675805704 3.3301836693360816 
1.5084250824339491 3.9671562051718396 
2.115888739771444 3.5594991820818294 
0.571499020885755 5.012135587811553 
1.456091102786757 4.009199175941223 
0.5267895503855442 5.084992057439638 
1.0794210927788324 4.3572115469677986 
1.3057680540720835 4.137824430551855 
0.5910089291553712 4.98130988513369 
2.2780248642404155 3.470353748827509 
2.757596535524913 3.2413415396029808 
2.46282386027142 3.3764837792676583 
0.6501264757485277 4.891265668630985 
1.3137770794234105 4.130656784872394 
0.5950054274868248 4.975065303655437 
1.4160050299396705 4.042322428762835 
1.087662890012486 4.348602214609346 
0.8086591402245031 4.671985697926448 
0.6097156259634404 4.952281104531859 
0.6963238834111269 4.824201950950907 
0.8811952104018526 4.581027893696409 
1.0246582237784334 4.415745219465385 
1.740016539503834 3.7957996042504787 
1.2834335289235452 4.1580114553544165 
1.613208243192745 3.8868059476423378 
0.8727551511049954 4.591339087451058 
1.8318707957193057 3.733732077878885 
1.4770219282630224 3.992224382058392 
0.8920201146322817 4.567904269714182 
1.022100119820509 4.418537456339595 
1.1954726308462207 4.240488156852682 
1.748950291209407 3.789626642959012 
0.8857779942910015 4.5754581418119376 
2.2571712653266656 3.481445259656777 
0.6539417201240796 4.88562092678302 
0.6303875638543538 4.920785580115703 
1.7332885817194785 3.800468391077197 
0.6643684474814638 4.870293470113034 
0.7897924976635619 4.696545419774646 
0.8205278992944958 4.656731511268398 
1.506466259320323 3.9687060843230313 
1.7031807534501946 3.821574452980268 
0.4739866238927715 5.175271010175034 
1.1800860292940951 4.2554260952618375 
0.8660613808245553 4.599566538531325 
0.49294661064647255 5.142303790607724 
0.5045198798567841 5.1224874497856865 
1.5887063215207005 3.905156798798765 
0.7631751471354813 4.731862764590392 
1.0841448457897516 4.352270895401696 
2.3833464827358743 3.415911659336035 
0.40096774671160984 5.3084263939241785 
1.438577366742537 4.023570349018196 
0.49458999173119617 5.139475894956622 
1.0284985680377041 4.411563304853421 
1.0095550082557923 4.432307869147084 
0.7341609283910957 4.77128292413561 
0.9661302965355695 4.480987378698736 
1.0384924139231206 4.4007360255770225 
1.1094625028524074 4.326074193060816 
0.8355699229895341 4.637611901746465 
1.4932697422201282 3.979195117820688 
0.7665128775492069 4.727390351780141 
0.3674273880629316 5.373134739684337 
2.349300629320027 3.433229241409824 
0.9330992211782954 4.519108780197252 
1.5139390822358834 3.9628030951867608 
1.0317369287143565 4.408046134364616 
1.1328668465011396 4.30227331268423 
1.3331404010509753 4.113480390704858 
1.9509826403414543 3.657602798566865 
1.4552064237510485 4.009921423768663 
0.8442649297201452 4.626666698979497 
1.0432551247459965 4.395604101298653 
1.685012687316006 3.8344819456177386 
1.5271421635925195 3.952437685257385 
0.7778955877167705 4.712232847634468 
1.5047653398799308 3.970053376941809 
0.6723571991174452 4.8586469926005815 
0.6971812587165811 4.822983261402226 
1.7658313393518492 3.7780440888556877 
0.6434440295610208 4.901199825338119 
0.9099192934810986 4.546449384113588 
1.6748726939580687 3.841743009443411 
2.376704673303284 3.41926947279224 
1.9021818901617105 3.688226249904515 
1.4530287241931827 4.011700951830571 
1.3839467476255385 4.069411362576505 
0.8258819038659375 4.649899068918712 
1.9313766866596933 3.6698140037508566 
0.9137597452895317 4.541885282399728 
0.3674227178099765 5.373143915295011 
1.4999040336413447 3.9739115794151925 
1.4215147645538364 4.037721009921454 
0.899677239322574 4.558688933299046 
1.832700962846765 3.7331849236247243 
0.8327239079640282 4.641211350916423 
1.1578582480616713 4.2772872024277335 
1.5731086938548964 3.916975023382553 
1.285216688847321 4.156388885740155 
1.037263258075784 4.402063388339823 
0.8442852436547145 4.626641218630478 
0.9144488453404339 4.541067789918976 
1.7391823531687456 3.7963775437076093 
0.936921257694709 4.514647905049557 
0.7510082607286449 4.748273987234705 
0.9052241809690948 4.55204792647822 
0.5530631431678839 5.0417964916277755 
0.45846760586265173 5.202732231133793 
1.1441470616634597 4.290941401967563 
0.7144106742345736 4.798687153038346 
0.9973064358160658 4.445877761117456 
1.6532743694901848 3.857347697181887 
0.34657915073925527 5.414569410349036 
2.1931724227366547 3.5161604399137874 
0.5439033426515729 5.056730572466904 
0.9988586402830487 4.44415121292152 
0.9961788278444351 4.447133284762209 
0.5743071668809306 5.00766343307303 
0.8857231756755162 4.575524646392499 
1.124159756393353 4.311081965526983 
1.0361144650319551 4.4033050539676655 
0.6861149860319792 4.838784426018223 
0.39378716791735663 5.322082928776435 
1.4773086376496734 3.991993356883318 
0.5159095021361103 5.103207539090504 
0.55170521159741 5.044002103031778 
1.0397744103742812 4.399352878824972 
0.998153163665926 4.444935679331241 
0.5883061581209743 4.9855463534410305 
0.9409621627509199 4.509945915233942 
1.2152607288357815 4.221506322669305 
1.429512959382778 4.0310692441496006 
1.2237495725275818 4.213441122206805 
0.8986495073571897 4.559922567121967 
0.4230796293345897 5.267023637034067 
0.6840291473705669 4.841780158100926 
0.9471689426397624 4.502752244572622 
0.8107029528445812 4.669348225190719 
1.3125096560331921 4.131788579907054 
1.9136005243010534 3.680991927730761 
0.6909498929531023 4.831861743195939 
1.0432438021564887 4.395616280352341 
2.216173470618022 3.503564649685203 
0.4651814472800486 5.190798410210002 
1.4787136439932627 3.990861808059012 
1.0194769751428525 4.4214061945865595 
0.9273973204904511 4.525788378650637 
1.6003803254299556 3.8963811407841424 
0.585186187665587 4.990450228845372 
0.8112645836363885 4.668624241216692 
0.9425945760291566 4.508050603937955 
0.5626547480931577 5.026299352629088 
0.7837453584847013 4.704499647620472 
1.8734447706135327 3.70662321362805 
0.9145455477453426 4.540953105334463 
1.4444624831307051 4.018723997472915 
0.8407988685373217 4.631020452256385 
1.5831684157354682 3.90934057787638 
0.6365167608645372 4.911562100783203 
0.3801331173980145 5.348344577231051 
1.2549303615388794 4.18420834457307 
0.8230961390390608 4.65345032998403 
0.6465023047836087 4.896645873363959 
0.5276988001171461 5.0834785994788465 
1.9370623372156934 3.6662602167821876 
1.001086568815493 4.441676555180042 
0.6972523782487868 4.822882212226775 
0.4100868383771206 5.2912336424369 
0.4738539523934694 5.1755039353953975 
0.6214828967166426 4.9342787732271045 
0.9771334808877555 4.468501140233243 
2.239695429544812 3.4908225821383643 
1.5325706191628643 3.9481994733295442 
0.8983667821557529 4.560262110839612 
0.49904915369283587 5.131826104458699 
1.1957738114875676 4.240197326182009 
1.3125233413267656 4.131776354122702 
1.4023554461900405 4.05378989632586 
0.8847441114819686 4.576712911341142 
0.9046533702553309 4.5527299831501935 
0.7927720429377326 4.692641022434033 
0.9522611106837745 4.496876047473602 
0.9250054173655357 4.528599250413675 
1.278787453914586 4.162248049759078 
2.302043741492356 3.457709135504133 
0.40556947463505594 5.29972957708056 
1.1067371512702127 4.328871471921027 
1.2520436891443725 4.1868891475074355 
0.8796095839031766 4.582959749121044 
0.6107361339548993 4.950712056977698 
1.406849155710526 4.050003812565145 
1.05282750481066 4.38534372665503 
0.8389256029166353 4.633378601827552 
0.6364166751519643 4.911712297760537 
0.543890046088648 5.056752347654734 
1.9649585910555794 3.6489721791723384 
1.4495433804964133 4.014553970607228 
0.982972578074032 4.461917274977301 
0.6347362252722434 4.914236180857884 
1.4455506935754514 4.017829780877416 
1.54310012959972 3.940017387134963 
0.4298964204977984 5.254453812469066 
1.1087867998838754 4.3267672235397345 
0.9154470016730014 4.539884440489836 
0.7530245575122123 4.745542512638151 
1.0520280992456508 4.386197839428351 
1.384459506540903 4.06897379189416 
1.4518950380246303 4.012628292563964 
2.527004508114693 3.34562192045731 
0.9046906828012289 4.552685389353428 
1.0229582914164475 4.41760014943009 
1.4107607803493822 4.046716774243086 
1.791536194179602 3.7606094823698433 
0.747788735483806 4.752645269121478 
0.7890499966961033 4.697519911203464 
1.5189500816498234 3.9588594899218195 
1.0393665447143705 4.3997927838688105 
1.1296086348367984 4.305563203448556 
0.6479250171527267 4.894531692548984 
0.6913392540027067 4.831305542823061 
0.717174013056783 4.7948244875541475 
0.5060273138082855 5.119923172016387 
1.4001003623296968 4.055693877092199 
0.7376899487854839 4.766435536841399 
1.4628516390334392 4.003692761777579 
0.4970377977499467 5.135272398283133 
1.9121231623432486 3.6819255194092233 
1.2623281400295194 4.177361594083437 
1.0589308728294429 4.378839081000895 
1.6551433783270233 3.85598982586093 
2.3349448528175936 3.440610734539076 
0.6912867409703669 4.831380546229861 
0.719742031605731 4.791243195090719 
0.9604343156950111 4.487492341761357 
0.9864277720914423 4.4580350548628145 
0.838709112418816 4.6336513619148345 
0.9176197283807324 4.537311791791242 
2.932621092533323 3.16839133026402 
1.137945546618459 4.2971602386826 
0.6778583080410413 4.8506755536305075 
0.5106862438697773 5.112022198757197 
0.6677280598924222 4.865385431599209 
1.4901346901164336 3.9816992112895195 
0.7822897088668509 4.7064204087032335 
0.6235107097607101 4.93119628010413 
1.2700349271477733 4.170264476904094 
0.6402630092613598 4.905950058811065 
1.307877651082371 4.135932835962556 
1.3723592024862084 4.07933756761434 
2.186263393902651 3.519970561029304 
1.0078383133625504 4.434202268344548 
0.8216201124236221 4.655335252553118 
2.059168858278751 3.592345868437452 
1.4401607957675944 4.022264682611122 
0.4393032491559673 5.237254944633643 
1.344282469545086 4.1036933300905245 
0.7294434351435833 4.777785931409228 
0.7824467328181639 4.706213099000183 
1.5363955052430713 3.945221406480705 
0.548396001840855 5.049389210778838 
0.9955172467714317 4.447870410788301 
0.4969331999662802 5.135451808001827 
2.304042853007207 3.456662933570509 
0.9886461699875827 4.455547821250658 
1.0499461123308416 4.388424651378224 
2.1042514565687203 3.566164903505934 
0.4877145583009113 5.151338181311127 
1.7508102429080648 3.7883452542496143 
0.6473982776039704 4.895314119421414 
1.0095345762257886 4.432330401931103 
1.6390672619806967 3.8677165493495242 
0.43356462844255517 5.2477269532471675 
1.4460686582394005 4.017404362721867 
1.4685898896846543 3.999036751651662 
0.40965524291126854 5.292043591425684 
0.9936237678896165 4.449982130675842 
0.9801352277671503 4.465112887645202 
2.7591552166399937 3.240669481471489 
0.980094402811497 4.465158917545541 
0.6427975448219773 4.9021641070397886 
1.1658276463498192 4.269410578387777 
2.5278462531714876 3.3452227635049434 
0.666808823617942 4.866726863877785 
0.66960412158384 4.862651152058442 
0.9859564232999457 4.45856406062175 
2.2425346586536774 3.489293929910262 
1.624586884827346 3.878371360959213 
0.9262455127304228 4.527141284890474 
1.6291774746915375 3.874984029607129 
1.8654856294978672 3.711767381780902 
0.6162173230379744 4.9423100820528 
0.7181599250974904 4.7934486105270775 
1.3039697937014942 4.139438912297258 
1.1089733366001064 4.326575870054275 
1.5604085532217147 3.9266774980924537 
1.0210588825310267 4.41967551164015 
0.8930567397035888 4.566653421704988 
0.9629778460197932 4.484584063218405 
1.3652150363036382 4.085493771418211 
1.0530866948032178 4.385066906127568 
0.7675971331945671 4.725940223281948 
1.6952756197940035 3.8271746108666087 
1.611375772449836 3.888169445227005 
0.9940574556281493 4.449498190850937 
1.3787731170260034 4.073834272008537 
0.8322397500399773 4.64182451598615 
0.6768611949883909 4.852117519467784 
0.7865629616594717 4.7007884312071555 
0.43282715856345566 5.249077270587782 
1.00112596273507 4.441632835815693 
0.7026517950816266 4.815229024047727 
0.6579354333710161 4.879733021556644 
1.6848964732279534 3.8345649313128876 
2.0275903988187385 3.6110317642989425 
1.3166829755024916 4.128065358710253 
1.8748268554449068 3.7057321193405026 
0.7764763179024845 4.714114830106547 
1.199689532691511 4.2364216055724535 
1.0501005529601544 4.3882593512351065 
1.3660010028593763 4.084815130922993 
0.7802607037540911 4.709101654123132 
0.5233706676667069 5.090694953175121 
0.6695444575296305 4.862738038900131 
1.568406063192676 3.9205592819707795 
0.6305653883478363 4.920517249857968 
0.6744180568281609 4.855656083924881 
1.6575991851328244 3.8542078124639354 
1.6317586537546789 3.8730833079573332 
0.9757492493898868 4.470066206501426 
0.9900659772678423 4.453958138288005 
0.8657882367119659 4.599903205500847 
1.2016182892598803 4.234565512623476 
1.1884034121580853 4.247331677633511 
1.5524547636255988 3.9327907648519385 
2.4587339699085167 3.3784795049646257 
1.4485631558386465 4.015357456321635 
2.207616231674431 3.508234920175318 
0.728569664852287 4.77899333428693 
1.5187180604832755 3.9590418283222055 
0.8572953445531271 4.610408245470396 
1.5217817361192143 3.9566362065430427 
0.9194984392961821 4.535090799101736 
0.5037980405543626 5.123716726939486 
1.7499476320175054 3.788939376771674 
1.132404452144116 4.302739743681517 
0.5050551773359635 5.1215764205696805 
1.1835716623186343 4.2520282727553695 
1.7115703645557783 3.815657888550402 
0.8884918683369953 4.572169358422334 
1.8385768907169402 3.7293190270979375 
1.614169237257101 3.8860914681188623 
0.8234406622325372 4.6530106948104235 
0.773591618402003 4.717946963593048 
0.5080732629007897 5.116448984907428 
0.7846658315305093 4.703286276592457 
1.912103012474247 3.6819382576585635 
1.1921283467918862 4.243721542417659 
0.797998662097067 4.6858155174622285 
0.7416913199271679 4.76095717102039 
1.6306065618480365 3.8739313366111725 
2.286997069331033 3.4656141640778557 
1.6740268630437756 3.842350559076745 
0.686520617094988 4.838202494412299 
0.45745371757864495 5.2045415757850675 
1.0834533269402795 4.352993116444338 
0.5983700248427244 4.96982624461059 
0.6993156152621238 4.819953453354278 
0.347861382571783 5.411993334907186 
0.6501628295397155 4.891211789999456 
0.8909733554092892 4.569168389694324 
1.4681371393194764 3.9994035226662827 
1.5899813911338205 3.9041954096976434 
0.4618160965186934 5.196770028290167 
1.4326327313936502 4.028483557557917 
1.820703188779709 3.741115992434348 
1.9698375984014282 3.6459735842042367 
0.5116010239788403 5.110475135786008 
0.7731351336956565 4.718554230348479 
1.3467990928340519 4.101492413016015 
1.3649266300831908 4.0857428797586515 
1.1723386757327754 4.263007543987551 
0.8919573698662812 4.567980013944159 
1.6547908079215639 3.8562458653872485 
1.9039519166499022 3.687102048569765 
2.0180656311710474 3.6167253357963776 
0.6852042872819869 4.8400917095835325 
1.443237166412114 4.019731593570094 
0.3918245041993233 5.325834040805367 
1.200714875210691 4.235434587825428 
0.5182087583610219 5.099341790228863 
0.9852871273377758 4.4593155507760684 
0.6762020519099455 4.853071439468399 
2.7046607108117295 3.264417133358214 
0.9750815924492633 4.470821673658856 
1.930907784449601 3.670107550188343 
0.8768548377092026 4.586321826340797 
1.1015457789837761 4.334214901101914 
1.6947422849810487 3.8275533232357573 
1.2828498534547619 4.158542978304383 
0.770005424530033 4.72272404247191 
0.7009309053488121 4.817664273855382 
1.9008868042614184 3.689049452796571 
1.6611244191692458 3.851654101113046 
1.0763948741070148 4.3603855757137175 
1.4982017226533446 3.975265289418702 
1.1968541568032771 4.23915459864659 
0.582721685131273 4.994334105998549 
0.3643213807232359 5.379247488648615 
0.8317663661949889 4.642424271181368 
1.1267433704969505 4.308462571691747 
0.4635973076118498 5.193606807637077 
0.6743783705672336 4.855713628174095 
0.657816314130239 4.879908330379047 
0.9358387746998426 4.515909979830037 
0.36043797043433273 5.3869196277249936 
0.9471782758036167 4.502741453322694 
0.9818234564456951 4.463210665315412 
0.7202609267336303 4.79052053138914 
1.014094873345225 4.427309735281984 
0.9283507125774486 4.524669447261344 
1.6636139082643082 3.8498537477741515 
1.375282036531 4.076826940088302 
0.6931151345609556 4.828771139698811 
0.9939883786504989 4.449575261316467 
0.4192078954098148 5.274203214079947 
1.015553630339578 4.425707312520929 
1.0950160517657808 4.3409640673005265 
1.7531933081237174 3.7867053715413497 
0.6113245566882186 4.949808025102466 
1.329896147123998 4.116343293532348 
0.9898376862534021 4.454213628840433 
0.7915751873617917 4.694208211999952 
0.39518952860580436 5.3194075373222836 
0.9826818733737708 4.462244370513673 
1.0497866645547147 4.388595330346073 
1.3170722686308842 4.1277185643947245 
1.8057528158947989 3.7510699644728116 
0.6507894409799516 4.890283391716719 
0.8886545557862425 4.571972432365314 
1.3030999850966978 4.14022050660962 
1.0397983339493615 4.399327080059538 
0.5162288779086559 5.102670045474024 
1.0627601283030568 4.374772810206687 
0.9583002208030484 4.489936841000072 
0.6411039728147343 4.904692900842332 
1.4441774356334343 4.018958328623393 
1.5198903202521779 3.9581208427337833 
1.2341513247100833 4.203621218427158 
0.7260264250556434 4.78251287836355 
1.183576828075079 4.252023243173823 
0.7816446377197374 4.707272346624005 
0.7107291573738267 4.8038478043256 
0.618246708439225 4.939210122581328 
1.0750740904556717 4.3617730466189135 
0.94034978848603 4.510657528408358 
1.1507214487516804 4.284378045913139 
1.3103163342721513 4.133749391903714 
1.0267901756783036 4.413422178461841 
1.3578323189789172 4.091884911248842 
1.3739253900830097 4.077991682428459 
0.4165055149383283 5.279231825774248 
1.3644644941778197 4.086142140614043 
1.1120132647726957 4.323461018394676 
1.23179903992668 4.205835913822958 
0.5228798347691711 5.091515267160168 
0.6919342492690864 4.830455965867273 
1.391686125731079 4.062821820369357 
0.44913547150827604 5.219457610038172 
0.7068940307500216 4.809241527449864 
1.1088220685532997 4.326731042212919 
0.6862445381937778 4.838598543422418 
0.6583421631219134 4.879134576208432 
1.3016776449100587 4.141499550298468 
0.7652449101298427 4.729087878536672 
1.266914162839221 4.173134002520327 
0.9051820116544247 4.552098303733004 
0.35395146094636365 5.3998080346733275 
0.921768307769979 4.532411729763635 
0.7237354139550625 4.785690034139096 
0.7077781150458641 4.807996539801842 
0.3887476037634253 5.331730718614671 
0.5702291171773856 5.014161930060102 
1.3931093704001603 4.061613507544403 
2.1899777718650255 3.517920655013159 
1.3288060473971819 4.117306598251757 
1.3957333116187591 4.059388644952481 
1.8956572573323907 3.6923791553533185 
1.7248713984439419 3.806333727185888 
0.9933088625055175 4.450333623617333 
0.9624154235501018 4.4852266514604295 
1.3123380489787402 4.1319418946253395 
1.7918676043644202 3.760386273133554 
1.5538866445312556 3.931688116550103 
1.0757950499105111 4.361015521300074 
1.017015123619519 4.424103627570769 
0.8924889569706985 4.567338411834571 
2.2567927772293617 3.4816475518197803 
1.072404828846811 4.36458112895657 
0.9130505575156487 4.542727066490632 
0.892743962451894 4.567030727439712 
1.1313025970724946 4.303851829552243 
1.2446113104451957 4.19381525273642 
1.509133685747951 3.9665959842176237 
0.8881170317714144 4.572623178598931 
1.487185889372337 3.984058857911411 
1.7709294008017218 3.7745669940907325 
1.0342825142581584 4.405287281800093 
1.578600387755831 3.9128017724274415 
1.3088351465704708 4.135075142052057 
0.4908398750471361 5.14593585401425 
0.43449790263799015 5.246019608474761 
0.9998868118857395 4.443008663880301 
1.9381503529985191 3.6655813341771113 
1.1014065408658644 4.3343584901498575 
0.737993968990602 4.766018632032765 
2.7358619571358904 3.250756639031249 
1.166424782571602 4.268822144526093 
0.47431815558365253 5.1746890927613025 
1.5704176780474657 3.91902486229439 
0.6356763406435574 4.912823733638291 
1.0503413976851006 4.388001608754633 
1.0928625517408002 4.343196861488699 
0.8207200482859803 4.656485781598611 
0.9210720085423723 4.5332330495414315 
1.0762871303503616 4.360498709928356 
0.8471303490156702 4.623076674729463 
1.012544509627379 4.429014696078672 
0.5462993685402305 5.052811294358021 
0.9465375025540614 4.503482512476002 
2.561237562282343 3.3295028856328517 
0.6510723881756805 4.889864345505168 
1.1654318185275034 4.269800771756182 
0.47763163302711925 5.168883911595522 
0.9622932908573882 4.485366229037229 
0.7483966046827997 4.751819015566084 
1.0154416859516258 4.425830220124879 
0.594409362397695 4.975995173269876 
0.9528576443428538 4.496189171290173 
1.2792863762635476 4.161792479048657 
0.4458887854158997 5.225314366937012 
0.7439456948481754 4.757878963563316 
1.128251272996877 4.3069359914575065 
0.5922019174490334 4.97944336371682 
0.6149311775758081 4.944277740079812 
1.0560955180000176 4.381857249444872 
0.6785294702805261 4.84970568213634 
1.4687619275218409 3.998897411034802 
1.0317548827914067 4.40802665795645 
1.1284157371571957 4.306769588277207 
0.9162630478967105 4.538917676020299 
1.0445569657305702 4.3942044609690845 
1.0098491789374813 4.431983490891735 
1.1744782008004768 4.260909786430008 
0.5848245168759356 4.991019628515184 
0.49000353217375126 5.147379865026987 
0.6839954723712884 4.841828568601698 
0.9029455489552812 4.55477247604432 
0.4518373858224602 5.214598562189889 
0.8217126650178095 4.65521699328112 
0.8819466433374192 4.580113234681759 
0.6556462045751645 4.883105410707893 
0.9252814365264553 4.528274616065215 
0.43437782264444164 5.246239191072644 
0.5411396143576752 5.061262663297286 
0.6072183990866199 4.956126932017026 
2.216791120703688 3.5032282770688146 
0.5630920171024691 5.025596259450452 
0.678597501163725 4.849607405717029 
1.953446387731698 3.656076905040029 
1.416103560325365 4.042240003560687 
0.7085671484502253 4.806886221143533 
1.4886816197533725 3.9828614420855946 
0.9058035058531707 4.5513560096392665 
0.6286439911241999 4.9234188911783345 
0.7971702784730512 4.686895327675343 
1.144416425527255 4.290671897210896 
0.6388552897109749 4.908056626561224 
2.713946594354442 3.2603336108858887 
1.3978871319678867 4.057565131670078 
0.9857181814956634 4.4588315166226975 
0.7483445365164328 4.751889772975677 
2.3021371161986925 3.457660248246246 
0.6162053233152217 4.942328429424821 
0.9974740632273572 4.445691208853849 
1.3174581917264812 4.127374858463675 
1.2607804663558833 4.17879120800703 
1.1318691866429407 4.303279871474758 
1.7058633265508798 3.8196796427651907 
0.6617193194222867 4.874174057194819 
0.7715082727977272 4.72072037032369 
1.408550612401052 4.048573050958446 
1.1939681066540084 4.2419418752567 
1.5149834067017165 3.961980250408217 
0.8558746712543344 4.612172543185842 
1.8651490283140775 3.711985406845157 
1.7041160396557593 3.820913502242065 
1.4455495081119507 4.017830754685137 
0.606913435027921 4.956597202800514 
1.1889715979533546 4.246780407312911 
1.2014169865104019 4.234759117515145 
1.8222716142587279 3.740076319808462 
1.5809225970299348 3.911041086272995 
0.7536017173170331 4.7447615023991325 
1.5136616901234345 3.963021744339344 
2.3899432948680666 3.412586367580473 
1.1420718364848141 4.293019416773945 
0.6820881746724514 4.8445728338257625 
1.0826452924676269 4.35383748187827 
0.5935338963873835 4.977361857872798 
0.9394793973352209 4.511669551537829 
0.7886858563343616 4.697998047021402 
0.7061300104452181 4.810318217647749 
0.9659908075123878 4.481146341157611 
1.1027477043233 4.332976010830131 
0.6164349957635628 4.941977299624452 
1.1074806247918787 4.328107838515373 
1.3731369297228961 4.078669070177494 
0.8659568136545254 4.599695415286332 
0.4941311805174609 5.140264938183558 
1.611177231776809 3.8883172607593406 
1.7369230533263613 3.7979441543982424 
2.007132589214268 3.623294040914047 
1.1088587188105938 4.326693444508171 
1.221932287787463 4.215163824850845 
0.8065756017083059 4.674679041372934 
2.2382270098365447 3.491613973798122 
0.91491838318065 4.540511021050619 
0.37928430677139136 5.349990007932897 
0.605670647671012 4.958515032228763 
2.1381302952276195 3.5468627444756136 
1.0280102475119126 4.4120943986314325 
0.6434320996900506 4.901217614504892 
1.0249874456799124 4.4153862495533795 
0.9768233459923759 4.468851647977454 
1.4106671405967197 4.046795368643721 
1.0202748269227653 4.420533052203021 
0.7615716148086883 4.73401594669475 
0.5242466367435945 5.08923195758344 
0.9681953831534371 4.478635971994841 
0.8872540680734511 4.573668495414154 
1.4443387927967657 4.018825675486314 
1.5087460768603018 3.966902397945447 
0.9583621412141996 4.489865857976286 
1.7335088740715263 3.800315248902124 
2.2008218786028393 3.511956394191527 
0.49169043430997317 5.144468543031903 
0.8838501127251666 4.577798743572853 
1.968459667865589 3.6468196990281676 
1.1075272288051359 4.328059984255786 
0.7725762896839399 4.719297986198526 
0.8499797899204602 4.6195149438713585 
0.6819146796141237 4.844822694232579 
1.138839207217566 4.296262414293217 
0.6521443137999708 4.888277794827483 
1.0470366853209976 4.391542149917929 
1.0397190966790393 4.399412529885516 
0.5242932230205555 5.089154187054303 
1.0335389947141895 4.4060925571987175 
0.9104775431159962 4.545785089693453 
0.6817551924943517 4.8450524150927965 
0.6924746402687036 4.829684745057543 
1.4657485098683338 4.001340212589367 
0.4194164824374147 5.273815670746211 
0.5513237450356189 5.044622218554624 
0.8051462141037599 4.6765294748705415 
0.8252997719300869 4.650640492054319 
0.4816472021584501 5.161874789247017 
1.6310231653733789 3.8736246199381372 
1.3606546857395265 4.089438078598181 
1.8909634125956147 3.6953754619032826 
0.5152407306781485 5.104333598791893 
1.1711135105472483 4.264210187651389 
0.9873481821700841 4.457002599747922 
0.3843622290250511 5.340168954262995 
1.6212621573883694 3.8808301843703776 
0.8944336152999626 4.564993596705944 
1.0082329458546868 4.433766570317102 
0.8361375937118589 4.636894951116289 
0.847211155942675 4.62297555453434 
0.43996054685476255 5.236059485299073 
1.7414899522642018 3.7947794416142053 
0.7610765873120263 4.7346812509239244 
1.0859218154758654 4.350416678914828 
0.8179265095171087 4.660062130827243 
1.8725268632394454 3.7072153865100637 
1.1671155056981395 4.268141791043039 
1.0146449618585391 4.4267052668661355 
0.8986369345662534 4.559937665021194 
0.7920617358298969 4.693570925121143 
2.1276104401716815 3.552822751292526 
0.7564031696433957 4.740976059551046 
1.9538797590640515 3.6558086989572987 
0.9437330582793265 4.506730184109483 
1.111457281513107 4.324030201999027 
0.9590554090823216 4.489071353863859 
1.1597746266519873 4.275389152368933 
1.6232683730497957 3.879345915444298 
1.0909788849410507 4.345152714347567 
0.9805415572110624 4.464654831136433 
0.6062704842406234 4.957589105865593 
1.041446772325484 4.397550525252308 
1.3165976850607137 4.128141349737909 
0.9552340852991296 4.49345594951594 
1.5460300738560087 3.9377496695358887 
0.5195364822720233 5.0971134799125295 
1.985197445609022 3.6365816058013087 
0.5594695060776811 5.0314298835547495 
1.9213768340517146 3.6760895120035157 
1.248506944739168 4.19018069579615 
0.36266735633921277 5.382511200867636 
0.6005882441372463 4.966381265337787 
0.739986658172942 4.763288750625912 
0.8212492343444528 4.6558092332345495 
0.5817869805329342 4.995809506189003 
0.5734442933291138 5.009036340938073 
1.391355066845042 4.063103038900292 
0.8511378081880412 4.618069800362622 
0.49993355496235276 5.130312949851518 
0.7593618575583153 4.736987974114106 
0.8584081099921717 4.609027743757624 
0.5519597787909609 5.043588403483468 
1.0654726973221387 4.371899189089799 
1.4262494261041925 4.033779416401994 
1.2305417620574395 4.20702108765933 
0.585958707481486 4.989234657702996 
1.2764094317748695 4.164421502014843 
0.5970223824429546 4.971922688689823 
0.8770805383102781 4.586046087849584 
0.6279584524463162 4.924455416041948 
0.755296472300998 4.742470393679426 
0.8645144078911658 4.601474254991816 
1.0447126348842357 4.394037186825578 
1.8289333465286328 3.735670052605501 
1.2615881166064442 4.178044983901862 
1.701271308738637 3.8229248904650865 
2.73052850186606 3.253079577012865 
0.6867161285404451 4.8379220822671325 
2.01311974042358 3.6196924588101127 
0.7674062656416849 4.726195400688279 
0.8220449933941611 4.654792434266311 
0.9541188176581077 4.494738034090284 
1.0217355994762725 4.418935771084952 
1.0009023552707792 4.441881012471293 
0.7462147538949374 4.754786727154396 
1.6061636660256706 3.8920555079060315 
1.2391436074543365 4.198932511591183 
0.7573354330586787 4.7397183529161575 
1.0833363736203812 4.353115297830468 
1.4490158194552902 4.01498635005705 
2.4468800027878213 3.384283886316996 
1.892526930387911 3.6943765833429922 
1.6904630366909121 3.8305960231619367 
2.6408054750711973 3.2929196262620035 
0.4189267630804764 5.274725677830884 
0.8014951075299951 4.681266058646827 
0.8371416473713159 4.635627676041477 
0.9106703967914468 4.545555669306068 
0.859868015111121 4.607218458342313 
0.778454336131465 4.711492553263342 
0.5226622735680145 5.0918789973947325 
0.47489028186728993 5.173685335789767 
0.7483674886982759 4.7518585819941395 
1.261752114790551 4.177893507485162 
0.7873871835415055 4.699704463645484 
0.792825175660956 4.692571485636087 
2.109322666551191 3.5632555639255283 
0.7690289478252764 4.724027298081307 
1.1923584621596237 4.243498820817457 
1.5598793596679672 3.9270833502335263 
0.5311503036554671 5.0777458039149685 
1.0881107972654585 4.348135794212281 
0.798519639218849 4.685136798297968 
0.9626790337991921 4.484925432718609 
1.1588389360540114 4.276315578140853 
0.5054237520507434 5.120949421320809 
1.0120198131128482 4.429592159847158 
0.8096639493398136 4.67068846656948 
0.8293091031295656 4.645541248335438 
0.42600850174264515 5.261611898814015 
2.520048742931924 3.348925834296882 
1.4967072392200107 3.9764548720922357 
1.756907811767539 3.7841535140073113 
1.6840119518561782 3.835196723439791 
1.0174125526157782 4.423667833299371 
1.3268557519531772 4.119031733637547 
0.844187844068555 4.626763393546563 
0.9943200998220697 4.449205190408206 
1.1035530644916658 4.332146476168614 
1.698541812789297 3.8248577900591583 
2.2812833114803364 3.46863021991638 
0.7316946112702025 4.774679397678831 
1.238389990367851 4.199639296601642 
1.2516843160690552 4.1872232518902175 
1.2743046957446982 4.166348020712776 
0.6643273250647309 4.870353637664682 
0.9324846051259236 4.519827361857099 
1.096989555117102 4.3389209184281325 
0.6186158489784378 4.938646873848165 
1.6353990223826003 3.8704073709873517 
1.7870413699137457 3.7636407378801238 
0.8056007335999943 4.675940832108963 
1.7368011466195579 3.7980287403224557 
2.0727019740703243 3.5844262457841234 
0.9793067841479433 4.466047231761337 
1.21763643890095 4.219244508624383 
0.7043752835097432 4.812793794360383 
1.39918839361199 4.05646461992779 
1.1606184675301787 4.2745541830034 
0.9905091575368296 4.453462281174898 
0.6509308202082223 4.890073994906756 
2.0145709820388493 3.618821077653321 
1.4610278658274143 4.005175978487657 
1.5480184101254233 3.9362129658573206 
0.9185387921286722 4.536224876496617 
0.9298410433843477 4.522922008871655 
0.6480780740141311 4.89430440991453 
0.34701048630441683 5.413702422535365 
0.5192165182599937 5.0976502062438875 
0.5652827485243539 5.022078177306664 
0.6844040375536228 4.841241321569668 
0.8767673961377684 4.586428667102555 
1.966363249321065 3.6481081302646823 
1.5852393242398013 3.9077744736230278 
1.1916424057815473 4.244191985048064 
0.9348593701876582 4.517052787187116 
1.3924804900915728 4.062147284295509 
1.8921230096328654 3.694634557031413 
0.9656047849272436 4.481586342827115 
0.8044660713040205 4.677410735049808 
1.2447910906727357 4.193647312797606 
0.9821746438956461 4.462815268015447 
1.4417337762218179 4.020968889621363 
0.9539408514373988 4.494942721281078 
1.1251381256005646 4.310089485236881 
0.7687078310670863 4.724456112682074 
1.0464192432096002 4.392204604243492 
0.9354244618270359 4.516393310374396 
0.9331068909037156 4.519099815261572 
0.6562992188845891 4.882142706616742 
0.8037671529997635 4.678316841848895 
1.560162274170159 3.926866360174348 
0.7114500482123989 4.8028359680100055 
2.0077175650765327 3.622941673615895 
1.2097895783889288 4.226729041185668 
2.1437280670997665 3.543703537591173 
0.9098312166757507 4.546554218540118 
1.1021151533272795 4.333627883333702 
0.9344982423897753 4.517474384159543 
1.5766969363574042 3.914246733405934 
0.6569672047918347 4.881158519585031 
0.7244147581528956 4.784747264713712 
1.3948496814901472 4.060137474268282 
0.8713312564580221 4.593085528651351 
0.7751368891084753 4.715893011420726 
1.1074671349717875 4.328121690523235 
1.4301847906890321 4.030512005514004 
1.0504277399093873 4.387909219786158 
0.6817112023764454 4.8451157829983345 
0.7641956536869887 4.730493983449793 
1.7913888024893796 3.760708765434733 
1.0656158951154286 4.371747646596273 
0.6489086566027156 4.893071583567125 
1.1956980763075367 4.240270453116493 
1.555649662287933 3.930331742879798 
0.6273690218019153 4.925347150524507 
1.4740053610887154 3.9946575102325337 
0.47794700423265457 5.168332401928538 
0.7927720378855093 4.692641029046215 
1.0481282410159452 4.3903717515976615 
1.6251954012975967 3.8779218344916258 
1.0305207179939735 4.4093660692901 
1.7445771972112991 3.7926445572226952 
1.3034786043783007 4.139880231746449 
1.049478258148479 4.388925516820357 
0.7107164890969991 4.803865591130586 
1.4887466405404068 3.9828094137929453 
0.4680513069119215 5.1857222421453475 
1.300128882510717 4.142893628574431 
1.5476169190042504 3.93652311694127 
0.7218877442936907 4.788256985298091 
1.747090901523849 3.7909089450372133 
0.7226836959703494 4.787150670330888 
2.6832209014135118 3.273904336090271 
1.5136970949233066 3.962993835152097 
0.6243600201325733 4.92990695271192 
0.8237097975183838 4.652667346441515 
0.7922986557520239 4.6932606985846395 
0.7131905408020588 4.800395660168863 
1.09910955976005 4.336729309098475 
0.9039736628933784 4.553542559504163 
0.8843524718670234 4.577188493533299 
0.9203016008126449 4.53414230451657 
1.0592569860941152 4.378492340876098 
0.4769644487916684 5.170051241146191 
1.302812831039138 4.140478635286309 
1.8675664660711748 3.710420423817585 
1.0884742297811332 4.3477574503807235 
1.4330995018186317 4.028097123058791 
0.5467712623202542 5.052040471882011 
0.9110141173824643 4.54514686245117 
1.4107392185324958 4.046734871258786 
2.444284376520375 3.3855588509885277 
1.170919435598153 4.26440078843245 
0.7024819413770274 4.815469221629164 
0.4552414645846847 5.208496036433263 
0.9502287301202175 4.499218589014092 
1.355408408437901 4.093989814275665 
1.3610688494638146 4.089079391221027 
1.0490069993520528 4.389430200514907 
0.42203800004791403 5.268952306232246 
0.9768195045002032 4.468855990065906 
