1.2386988239060666 2.764604859834561 1.9202079445053153 0.19960855849212963 
1.9401306327888812 2.449114399429133 1.7223436390974198 0.6024485343694764 
2.0664301281604707 1.646548820762995 1.8278112099964061 1.2794031012574008 
1.3455705938456715 2.16119954349542 1.100209366175194 0.9491502680778681 
1.040893167890159 1.3679610416076706 1.6590474970723457 1.8785562234860929 
2.8754921969908436 1.8388730304824281 1.7623738690349136 0.7496140625334563 
2.851841946270392 2.2901276166226943 1.2032780677888966 0.5592467867994687 
2.0817605218287025 1.0619133050492078 1.1667387385036325 0.903511127350052 
2.3409428073470178 2.1826024975116476 1.738534226076173 0.7055555054527539 
2.3055021829747675 1.0200122076045282 1.1259253132228748 0.778119316031644 
2.29890611741246 2.8489281712157224 1.287379206392318 0.6004202567730312 
2.305647283384433 1.6462949313873363 1.6411148207160595 1.1131617286200157 
1.1272835748464443 1.6658539414130453 1.7764605579174884 1.6276087676199604 
2.9657675626187463 2.4287812517566127 1.9448237735161866 0.2540360167076959 
1.5200060580475452 2.561829994391884 1.8699244180221326 0.4125231270091182 
1.4240625697490585 2.920062515018465 1.5854623153909193 0.461444620823206 
2.1243856460857935 2.2928568643655285 1.1520073639087443 0.7643095578415999 
1.2668081008475993 1.9248879102940326 1.595272231827007 1.2951629050580307 
2.7122603286049727 2.4960271148389834 1.0539240925944693 0.5402865886294319 
2.7606395456985124 1.0797483503319698 1.6030970125744883 1.110299695567235 
2.4728173059788405 1.1794774515447504 1.2464148850135235 0.8487411322189389 
1.031905759347049 1.2517167261217272 1.543834506568365 1.803663469983277 
1.6038299852029145 1.5757249032061553 1.5102360784508093 1.3775648057300534 
2.4038507235849775 2.3353989922655085 1.8292899431661884 0.5075416041854787 
2.8705539449544553 2.9289560578356815 1.7847963662327018 0.12225672308264114 
1.564571730460352 1.4465670557278225 1.1180855335710118 0.9699467523890133 
2.366518919279053 2.143360869687349 1.0265362301891359 0.6308548391800195 
2.5820921175870373 2.87418346094449 1.9796815992720906 0.048201087044113654 
1.884048625948988 2.9836463585795605 1.591528449589302 0.35742964640093644 
2.4617975028078662 2.183605300972874 1.0083460573819139 0.5921734763365322 
1.6152390860058579 1.3433232356547653 1.2302510903659392 1.1182644191565434 
2.437033292538908 2.2923031399857727 1.644788466475442 0.6462856341346582 
2.2622993298499354 2.156019471243175 1.7318766416868137 0.7542663505474375 
1.2352777421151993 1.2424950776205328 1.7334117862439593 2.0117588661317454 
1.9147548404099204 1.0122769288969202 1.5351564606006898 1.5257706168640883 
1.640884813952397 1.1510057454739488 1.0031112820330241 0.7992134638067937 
2.8854035780263745 2.366717644592539 1.6802455096030564 0.46064887485748734 
2.0197504675038105 2.8197848161097268 1.6352431912502694 0.39729451774358454 
2.4611813643190397 1.3604546395443837 1.9667237228251766 1.4042945872640398 
1.6384652561405748 2.559427417876134 1.487310040011336 0.774397789370574 
2.198857375273536 1.2556799448659055 1.7301477976458477 1.4903333342714293 
2.3445507149267426 2.6254342419247454 1.6493469763110058 0.4538609438513853 
1.3096681791538463 1.9216568057468744 1.931715198500315 1.185522286882587 
1.1639882129409636 2.825840037716312 1.7117283205367118 0.40046643440740526 
1.9975559311616464 1.0691171403198076 1.5524166329514393 1.4864641817062998 
1.82945024745693 2.8558600969659116 1.618592103624486 0.41736084143660124 
1.814831548103332 1.198684299304206 1.0451516281161362 0.814288086068458 
2.2681243465043197 2.8454844730874043 1.9946496505001203 0.05837435130191112 
1.2206002545206565 1.8302303219551792 1.8618654050995067 1.3789301892899708 
2.275036178695541 1.944811555017974 1.876120217862 0.8738280130125388 
2.7700024241407344 2.2407835928503093 1.5750985550726142 0.5981875176434219 
2.8722770752768136 1.8290375897306244 1.0453947713682523 0.5061876900762627 
1.2553506296973986 2.1359735281130225 1.984618464182084 0.8299233356245177 
1.475642582823921 1.5849025413156745 1.6689731128234828 1.540356362114387 
2.459192895126135 1.7752528471636597 1.4087394860417932 0.8796262074880583 
1.381583753397653 1.9878088872290143 1.4888257056018088 1.2009500717228534 
1.9773628949050819 2.9705531615472927 1.562070810966719 0.38544669621894617 
1.6255307480146235 1.910227343443882 1.0629288549286802 0.8645931993654874 
2.9336150838358077 1.450978993622806 1.651528047611449 0.9059664410997091 
2.6763297278678633 2.883350976325477 1.1372922580477884 0.5351378750495644 
1.681566506977052 2.0332441796665526 1.135665074711426 0.9087177988164965 
1.9879514669660465 1.3872484453063751 1.0674464688931273 0.7917250967439715 
2.4545699524583346 2.3346043630009374 1.5869190438366387 0.642134320125132 
2.4514140559697224 2.553719360507178 1.745035389182347 0.40321593842826203 
2.0992704674863396 1.3632044142919828 1.497341839222445 1.249610242593722 
2.502355264630109 2.7825687159159047 1.4479117149580691 0.48511551111231815 
2.0161071123527243 2.5527261268307067 1.5676242377801974 0.6350967785629049 
1.4903968966997743 1.9719007992299609 1.9556782204719045 1.0453129118524485 
2.0950367422648366 2.314632364002792 1.2057869480418724 0.7905838056410595 
1.4817608044527169 2.716431343206752 1.2107609639556534 0.8638676679104497 
1.6640545660159047 2.747116957139793 1.5153120525283668 0.6249789352376014 
1.7217695317498731 2.4309847662994395 1.9840886629561312 0.39262687046571154 
2.757504477056089 2.1592560906463207 1.8414167342021375 0.5448505688552614 
2.8404407242449023 2.8829653421516497 1.0279447811003362 0.4889222895310934 
2.3998313949753713 2.932233983445437 1.0650273470799982 0.6099131852498767 
1.6996678478624208 1.9573717172229825 1.3623163259677793 1.071926884097823 
1.325641089752976 2.197000551093919 1.838126259762137 0.8825534905345623 
1.302140109509123 2.2994984464079327 1.8975608176611898 0.6979410931366175 
1.4670427111125226 1.3227909413898435 1.234864311665746 1.1731892892450857 
1.269557637458831 2.862403602433686 1.9918621638861964 0.07317633983289955 
1.747173183967263 2.60811639753594 1.4188680188855756 0.7646535085526092 
1.1277315366851581 1.5565273558174486 1.954633192853442 1.8183539167480907 
1.735414663351407 2.224669437621243 1.1373909591372902 0.8741490793020041 
1.522065828158261 1.3845272997690357 1.5477472485720432 1.553590854743956 
1.500657138507357 2.250200958571568 1.139758872909092 0.9322906926775365 
1.7852817779131578 1.1138901180852878 1.0312842642758464 0.8040111709766209 
1.9284908034040162 2.0275524504244946 1.5239436182451955 1.0070003005886412 
1.72171450582233 1.288498558443798 1.5332633318870816 1.4995206865471693 
2.186121979139905 1.0065967413109134 1.5033325556269383 1.3370669048782378 
2.279708709398556 1.8830939230568944 1.5086844218959787 0.9502667194131246 
2.4366488481346384 2.727820353590957 1.3257801640176323 0.5852831512147283 
2.953660163506095 2.1429133146211248 1.555672006246743 0.5842486090454329 
2.338921279112448 1.0315561649796328 1.7063228566100153 1.5132891323089166 
2.0950698742626876 2.9344371283311386 1.0716839266590923 0.6911301946227644 
1.6912583016435077 1.015516498005708 1.030587135490879 0.8273771726250936 
2.326509904464069 1.294684957120412 1.971604331633554 1.5684575322631622 
2.903231679084671 1.6505764293216556 1.2836983898473513 0.6590934158094924 
2.4662951499820416 1.9826141512247915 1.1594986841226693 0.6962968447001547 
1.5536401638591237 1.566418694800964 1.7240658985830044 1.557622036452331 
1.6742671369974844 1.17344817975221 1.1644185745918403 1.023418838854329 
2.350316154471805 2.589292000315899 1.6594392647923017 0.46750444210976766 
2.891138133969589 2.634912717608861 1.9086582805902739 0.17304219030572318 
1.25910037398696 2.2666551977874647 1.570351913803119 1.0201406921199738 
2.322389096097381 2.69179552906105 1.4918585528470338 0.5390022094159029 
2.6580224997890802 1.9087346220347918 1.4811912981781907 0.7819901618246436 
1.5526785056234869 2.841831149539486 1.3940080373965387 0.700782867041615 
1.6471037342031516 2.3533304818136633 1.6318992677454534 0.8215711039896206 
2.9652650079408214 1.6280399510122874 1.113261393452008 0.529132769653009 
1.569617110256718 2.936244548924087 1.5716187715017922 0.4496983287102447 
2.057909893669384 2.3665014359294356 1.5137774925211898 0.7701741637363622 
1.483312820231957 1.1564455385649632 1.244606376103699 1.2065924371612147 
2.156299437205921 1.4664590375206885 1.169539262703082 0.8526775975704673 
2.485706457258022 1.1953167395511133 1.9392908703017047 1.538901082892536 
1.7203535945832307 2.6864967602584544 1.5508115579927426 0.6214957079786687 
1.7319404812153003 2.757166139012413 1.2720605194354204 0.7764862455517211 
2.4289168416766085 2.736144780118947 1.3069140710388094 0.5918477890096223 
1.2680737883877207 2.3147137601064984 1.580500566547741 0.9730317265001661 
2.0473009451124837 2.788829020742064 1.1544770079786364 0.7170438551840572 
1.3661225518679692 2.3388070258977436 1.32780482583448 1.0073214063441898 
2.0627672933838817 1.36866170518585 1.6674447886262795 1.4312238812070754 
1.1346805482663405 2.088780999654227 1.8721677531835939 1.0313322801588531 
1.0052878878623062 2.3908709161804476 1.2622806547994783 1.0571452731866513 
2.224214466007127 1.0013977968051 1.1811904980055108 0.8768753513162693 
2.0402559752814984 2.4367420085963065 1.014487082505513 0.7066978738593734 
2.1476194432470965 2.8486775727971363 1.3607314321936452 0.5963791902864501 
1.104244447020873 2.2473843102252307 1.910823186746649 0.7802439886135923 
1.4371260836281352 2.7539089769938263 1.2075121388002579 0.864314932630087 
1.2467726437240043 2.388456812937253 1.303134342299634 1.0139137668806601 
1.1381716386426504 1.8268733705997826 1.6414148629466188 1.4235051834407615 
2.065383466288951 1.4278767841004647 1.442927464678962 1.185315283226799 
2.7842800567313217 1.940375312490048 1.6930617970068584 0.7303960572405068 
1.2005930145880066 2.232171396896634 1.9045775114796548 0.7926235071574401 
2.495081022602281 1.1776908597290126 1.5160795325646141 1.135859565974838 
2.0192221382494675 1.990690764637525 1.4153575278580983 0.9730905110349872 
2.1480963613605266 1.021197194538299 1.4478353253729743 1.2734164167198294 
2.6856017038668654 2.1013207905446185 1.9240879088709426 0.5662478043298289 
1.3563518048575387 2.9447892074836 1.8055159167437749 0.1865098043391185 
2.8426436332024876 1.08181211982704 1.2203380183637487 0.6864251611188965 
1.7271575099849372 2.40166945844747 1.742626331080755 0.6699266659391702 
2.8910898540429457 2.0495751499098915 1.334761662104832 0.61881946830833 
1.5561770644268247 1.2651608577423898 1.8445882718974638 1.9684584117418311 
1.6504074638837427 1.950676929347282 1.4217978592861256 1.117729685184085 
2.1996963369022615 2.092421603242097 1.6365943490388202 0.8589016586866683 
2.8998947223401057 2.888957222270716 1.9313467449355182 0.0565580815830948 
2.5342398734190748 2.6806413042313277 1.763039447431269 0.29508308491812124 
2.5028627652984206 1.9478858296777009 1.3781309517596299 0.7981800304534226 
2.6539170350874928 2.098585248796379 1.4093344049957226 0.7053646728938354 
2.080270993905492 2.6537492936213782 1.2543747746270988 0.7237696610362859 
2.2151168958672502 1.1181256957731787 1.0598411140285102 0.7232882786444229 
2.954330111500026 2.93944385638847 1.6191389932276339 0.21870242584775665 
1.2600254372608226 2.993616099591368 1.7492819442085485 0.21956358323395112 
2.8549267642749347 1.0196835314342094 1.279030726880173 0.743333959735336 
1.74875717011977 2.862962169819345 1.5910390807851555 0.4539278087988151 
1.496959905595179 1.1038199865121656 1.6355406990887136 1.8529648699685768 
2.464714635897627 2.5564436693071904 1.7514562136106786 0.39387722983235257 
2.8159857727145527 1.6513989106669538 1.5801936840422028 0.846311546591386 
1.1124744284047237 2.4800423682038053 1.3695533700714004 0.990994986974747 
2.9815266337880306 1.1310025742641867 1.652340060640435 1.0071715980810492 
1.5901549393218917 2.287651416931221 1.8646097066254244 0.696821801832653 
2.238824722578822 2.1098079363342137 1.2843453600209604 0.814804187950629 
1.9673273885200493 2.785345548140116 1.638665567100929 0.42434754853468626 
1.3877419463059537 1.448227331180208 1.8937253879552116 1.8595509551028129 
1.0734755219809755 2.2804299438927407 1.5888877635875178 1.0365200993646164 
2.0278854778173434 2.489408223432921 1.9369234054079005 0.3479282264624167 
1.7900163322402918 2.628950022757473 1.5589219187349526 0.6400355696184754 
2.074196873717715 2.24260233213928 1.3084870446989725 0.8404286474969584 
1.5435085788567744 1.8244691109128268 1.0569983709475035 0.8812842213646104 
1.8348004788420431 2.4411127049082784 1.5762228973484769 0.7475612585369971 
2.58134475473907 1.5593980034334554 1.0705723072406452 0.6160406247097056 
1.295088942020117 2.6736137959295796 1.4090597640760136 0.8302473614362968 
2.9867947046359764 1.116417523464158 1.7109385121424578 1.0587406365529248 
2.346299674117351 2.137525293233536 1.7105608720317977 0.7516713758432471 
1.142910684371586 1.8700797519021592 1.5142854900060043 1.3506900528340595 
2.8677243707737707 2.5220293730948065 1.2751772645722448 0.5255032821123439 
2.943867910331185 2.023587858986211 1.1186636164676425 0.5210658471511052 
1.4580623777720623 2.53889166665845 1.7614158311375898 0.5667653906001981 
1.2997937676419604 1.4855593299908796 1.1831003672046312 1.12352704088227 
2.4787571694295556 1.5773825491781828 1.9286115649554354 1.1537069387371395 
2.0865744565559767 2.886192229520934 1.1727500357943725 0.6869864017579234 
2.6935242548437976 1.4017294485702905 1.7123693709766208 1.094950832710504 
2.1031449581784427 1.3168099520681724 1.6665401602250727 1.4421439549142487 
1.9403040639851474 1.5990368972078406 1.8447433684709997 1.3935927335030136 
1.0819774928005055 1.8169382619963854 1.6208597843144434 1.4432271525771987 
1.182723303394323 1.2234802481813936 1.851647654081161 2.209786847951235 
1.427448720977395 2.8606235111013945 1.459988865995229 0.6481687857857712 
2.2262116544139454 2.563405918657792 1.7646430153853965 0.41985673059369766 
2.479912932355778 2.0485380322166655 1.6056559395561667 0.7927438888846765 
2.0086174484694763 1.6049087576972823 1.9125083792256667 1.3634353372470012 
1.7442032837791457 1.4117959856027757 1.8361939773267237 1.6969786160263522 
1.439042363580794 2.875874472091997 1.6769048803211613 0.3800022168301166 
2.1346317792310217 2.266596421426615 1.2735459766867363 0.8075606890214758 
1.6705511775264155 1.3752747128503977 1.045892214565501 0.8489171302355965 
2.7966316951848453 1.8360071918632983 1.7822654923263648 0.7832163963713817 
1.8055558794487254 2.465890697232446 1.0367468381517368 0.7788748889872841 
1.8603641908441069 1.3683198580030573 1.2418858793684397 1.0490354751286195 
2.285892373619987 1.561057385680195 1.6807153844325178 1.1959820797926393 
2.0817197839607084 2.977964644026491 1.984546274986688 0.023819821843250204 
2.713771255403804 2.0498042934511003 1.9342503745618997 0.5963995612015447 
1.6183491795394815 1.546769620844736 1.1725417314412923 1.0167243923892713 
2.806314356548192 2.6933558350347404 1.1243039765864076 0.5177571956652554 
1.8589003269952906 1.2958504943372982 1.6978747821179896 1.6207861242630044 
1.0083396159356781 1.2031612224285497 1.251730386280804 1.340442026727361 
1.0701898147851623 1.6984623560858032 1.7969965552265479 1.6079063516062144 
2.6782388701053312 1.2740882231785322 1.4852497992880607 0.9824298000665405 
2.37579763848759 2.849596048858974 1.5364561090945146 0.4136036472029651 
2.5818781067488787 2.9893727691881615 1.7321844283066308 0.15356182736659607 
2.3208795257912076 1.1942559646579376 1.672603472409585 1.3962674480945423 
2.634887091172973 2.697489389100924 1.8753242981774383 0.18743779800698138 
1.8026080440307486 2.2056194922171075 1.3691478857210826 0.9467487192053122 
2.700643281546397 1.0419588266839368 1.0984358761684039 0.618170119915052 
2.72177260955856 2.703087801630854 1.1684443936222586 0.5421183629406529 
2.417811787365686 2.6405257987513058 1.5551277222757784 0.5004525706915884 
2.763775227680484 1.3935313661184494 1.9320475174427365 1.1658613352247449 
1.1254003274768265 2.8538774178397723 1.9549377324935033 0.10909388001678899 
1.9193600661186225 2.6941446808248877 1.9838397211721834 0.15663286707641658 
2.969930597430859 2.222524090789269 1.7063010245659318 0.503141980009415 
2.58919981111819 2.6993908756803515 1.6805947753169517 0.34083705984657453 
1.0051226864987701 2.094436943678337 1.6090557661002665 1.208850324298737 
1.9107059247835192 2.543362732987049 1.7737766948945488 0.4798313906326374 
2.1436459184081773 1.9182654594865711 1.9352285617901859 0.9219807330970266 
1.7760467633262187 2.9111313964965504 1.8412941475749287 0.15335317744345658 
1.684760695746055 2.0199823429069315 1.362585432214794 1.0533882089806343 
1.1635668424482393 2.958261385863093 1.0383349084904592 0.8985856276357359 
1.2619746269538559 2.2550145578719585 1.9712880128812782 0.6769653645543499 
1.610511564002054 2.3378456338926785 1.8936597515370077 0.6064528346412942 
1.676581945035175 2.0709984666415155 1.9407446165206088 0.8713443384150562 
1.8613725326141466 1.7794055014545582 1.64555732297439 1.216477607370657 
1.6191956064366892 2.2226319955677774 1.641538342730149 0.9329392962824579 
2.382246806405008 1.1282944314128946 1.603149071966905 1.3140694957579682 
2.503190657656962 2.7440115912121796 1.2164445139563163 0.5931080513549797 
2.8068995545519124 2.089141649156157 1.7237430068549262 0.62591118477497 
2.5156197066352073 1.4172305800321134 1.7056763948919156 1.1814042677134702 
1.8702903182377675 1.0330919400192276 1.5372815881475461 1.544168332076199 
2.524071111884923 1.541872739044187 1.0421629379787227 0.6080180936955035 
1.4098663656446526 1.1510017515689248 1.4847731119796252 1.6227052334387166 
2.026891381051162 1.755876405759591 1.0988677465194145 0.8001521868307172 
1.356451014569803 2.55353148101059 1.5800900703622442 0.7599609361833012 
2.2818352418117254 2.7666834833097695 1.1718659427250424 0.6559741518613682 
1.0615190595652835 1.4479984108862403 1.3741814466599587 1.4582372009886302 
1.2854146890645506 1.7869029001578196 1.7427158303076005 1.431962819085054 
1.2174757705559383 2.7193199912424486 1.1825507390177283 0.9216921001259575 
2.691540932234079 2.404018141251645 1.6146619718652175 0.524151312644157 
2.3178035176601597 2.2557710124039323 1.9789758562995696 0.47705963331866885 
2.158185062515722 2.8827555617033083 1.981847079139365 0.053648434915902314 
1.1760445044968904 2.941991697561062 1.903346660643118 0.10097135527073105 
2.0211260296609925 2.600452720894493 1.0813720302316052 0.7364103682808466 
2.5493833739678804 1.4843394286159652 1.7800450722828964 1.1572494384117553 
2.810321031678978 2.0346485421710767 1.2770385237368638 0.6317922376131495 
2.38933212356302 1.4616385617823595 1.0624492565871178 0.6680646959743869 
1.2849581992122754 2.0771565788000306 1.8889219565695075 1.0012568581592036 
1.1240377122069476 2.0071605055769037 1.6747376581877318 1.2486931023958439 
2.737532569651149 2.1365394563152464 1.3506023558528981 0.6561242115914611 
1.7684064176747132 1.1940176130466178 1.4752624372798355 1.43988291117025 
2.4151586992629133 1.382011965081407 1.2189182101479048 0.8213528531059338 
1.3814086007696358 1.3499770429086118 1.3733375195892266 1.3937286053318094 
1.3233705456492042 2.7573428382507217 1.3700690298342617 0.8074130877922431 
1.4961949448757164 2.9340041184488292 1.9083452201868987 0.09403044330573726 
1.4631873039699135 2.183965936931897 1.681752084598581 0.9855827616940077 
2.397462194087732 2.581973593123031 1.282106759347831 0.6491643178504435 
2.574180662656267 1.2155830037870048 1.5377147086912464 1.1038204407077874 
1.8352947373367887 2.1530519232378236 1.3997539763240763 0.9625596717511508 
1.902679151665457 1.3020665232086512 1.887407436134378 1.7701018269256152 
1.214707203164577 1.6314490420413876 1.1216807369595168 1.0458138621281403 
1.8320946255641244 2.747657566682652 1.451370496579509 0.6481765032776048 
1.1347227619470441 2.05334869332178 1.9027244124660148 1.0547515645177585 
1.292726405255552 1.7977817335837167 1.5047251349513848 1.3510996570301712 
1.8011350400553974 1.5702157374962422 1.558248495372253 1.3397464319126162 
2.125033618787902 1.5250141360253855 1.534279584672214 1.2010439363520675 
1.3866787910648124 2.4935116957040417 1.9154248587582368 0.44265496118118686 
1.556623067889514 2.3408398402832424 1.81504816730013 0.6942712637537571 
2.952913246360324 2.812046392569497 1.9533353981907662 0.06923884550215273 
1.7838459587195616 2.822639368344925 1.7825782989693049 0.2679997955727606 
1.8556109103342275 1.4189160204702094 1.8392978183869952 1.6322998439870422 
1.3728107581935722 2.459096686855129 1.4533955493931097 0.9158228389481808 
1.133667911780434 2.5374213224637696 1.8140350349736916 0.5460190857546211 
2.3588997567725496 2.04037220650301 1.2978690435104834 0.795350517335848 
1.3799498051774934 1.7321480354796623 1.0625439545446609 0.9286102676909436 
1.9341109169685706 1.447887235854986 1.6863789684839101 1.4576377070017044 
1.4357203026697678 1.3441019137220163 1.8888385517270012 1.9751600962366094 
2.1924373352303173 1.668791125978697 1.4377896192014699 1.0416871162652683 
1.1561346110682968 2.112733050570733 1.586567483678719 1.1658655361696764 
2.7571925583525783 1.260716616254852 1.2034031754843257 0.6904743634005357 
1.1929433293578118 1.0380875494967066 1.2630950991516205 1.3395574980022236 
1.3050695171964437 1.0224922289863372 1.2877628561459753 1.354018224560324 
2.1630882541541117 2.815196610441234 1.6883552936092183 0.32816126109731214 
2.716144326160646 1.5605656928253302 1.2905807997518384 0.7478421205965281 
2.234072242153986 1.9513875444705813 1.7792765751883048 0.9186057547671226 
1.7512727572369202 1.9218004854415633 1.120387435022399 0.8871635585495454 
2.2337411662347524 2.579526272386195 1.642410914971265 0.5113817722517789 
2.0632925034656315 1.9749972937372562 1.6570563584485787 0.9889703244821076 
1.2095784062487824 1.0663157675330688 1.0543255385655854 0.9719652356799003 
2.9952999948061665 1.2441854038871532 1.2537213725512046 0.6458080479372251 
1.2201916109248814 1.7779939888855556 1.2421619818967864 1.166955538846676 
2.8243776568465724 1.3276963088240423 1.7389765264548755 1.0771853103888265 
1.807070519977652 2.3330327778632416 1.3544967952534661 0.8941101253819487 
1.9172865150135743 1.502809642091397 1.6077999982947624 1.367060745872815 
2.795022294263295 2.5281270664987234 1.54206074079495 0.47200793961315685 
1.2719631083443694 1.7356961340743446 1.4504105052588874 1.3572469990869576 
2.7306858624877055 2.0647540970527056 1.8118614014514867 0.6367056463477959 
2.939712633177112 1.9069508316453085 1.4392331761184263 0.6622352325486304 
1.2178558829068642 1.435285539846265 1.8110597667526545 1.894030736175606 
2.9109727907957588 2.5509884450599913 1.2204431299257124 0.5087976808613288 
1.488573542060649 2.977262605166752 1.9619804421639093 0.04005222298549126 
1.6467044845903958 2.2644189304877522 1.2640168324048842 0.949313722037829 
2.03719437064151 1.8409937645850367 1.3358602838241231 0.979402380025619 
2.9510706197986547 1.806705738502294 1.6772432497573684 0.7355610072304386 
2.4328481995952584 1.0939571686959733 1.0231026390239624 0.6192723381828709 
1.1407557116185048 2.690642797237042 1.9663287537809717 0.21384626452894703 
1.214691335354857 2.303878312815292 1.9823832072532754 0.6055149551106533 
2.513084585056281 1.263225453857132 1.397668437341884 0.9805695552355551 
2.1512983290730094 1.9265708140892015 1.2414217191828536 0.8594453938767991 
2.619963729948384 1.3525578279782529 1.149142655163513 0.6828428484854201 
2.913885479157173 1.3238176401076445 1.8056071329573455 1.0653011359466156 
2.0956363345225957 2.4226016939638404 1.8117130012955078 0.5140136959908294 
2.8169943054465305 2.190455741666021 1.7238123460688155 0.5606872201777015 
1.118635760514409 2.364003278195667 1.6001651509741999 0.9466235464757164 
2.671449623107633 2.052917580399301 1.5871862653406539 0.7218580240339866 
1.8040440988909647 1.5072031487460023 1.146149646733933 0.9339689680558365 
2.8876208986108765 2.6306246362853933 1.346600796107225 0.4842377242821528 
1.8288984426535297 2.486995578919085 1.5643309957409564 0.7250826620120653 
2.076291579483492 1.9267528124899858 1.8730000017088484 0.9665438928722309 
2.017396269151232 1.3408794176669492 1.3946248319761994 1.179999732868853 
1.0668931194691416 2.47590845518698 1.3603999400950082 1.0042613165445549 
1.9889315976694115 1.9443936109125046 1.66411963046475 1.039295726786774 
1.421279493834012 2.9751887961193866 1.4405539153005922 0.5997155283511562 
1.7792570931757643 2.6613587584524776 1.3489535288032553 0.7682568530403695 
2.1534652294691714 2.451775996434284 1.610126034730977 0.6387577695233319 
1.1858621283034052 2.874894615014086 1.217824987286883 0.8752469110354787 
2.049066591983288 2.4169292591435463 1.7018067805596637 0.6221052973741038 
2.9274151094262564 1.8657360384487403 1.5979067643165883 0.7104252615920957 
2.5088134811982647 1.1399068852207361 1.343250527895587 0.9466542290094171 
2.2587624871133203 2.9228016893026214 1.1797415177010697 0.6335224120034557 
1.2537444895883738 2.3262511578624134 1.60926238769757 0.9476926016750408 
2.6262135101375654 2.1953952219852724 1.9746702891681465 0.4682295163376821 
1.199208940327882 2.7765415553565562 1.5165190711929861 0.6782162996314286 
2.8368273998971376 2.7479033818462817 1.4615543329850027 0.41434641936421013 
1.3820880177749142 1.7986975341833111 1.60385448848951 1.364960746997435 
2.580468471995321 2.37622779041921 1.3853647580066488 0.6408833831042218 
1.8636330053991186 2.7874845063830476 1.4432487700964955 0.6264705282568612 
1.1661134295512974 2.9029008094677042 1.1311695221784934 0.8999604267652829 
2.351449229398867 1.18675280930695 1.344037228323963 1.0093870113108716 
1.4613878646092648 1.688187099105336 1.4217601271247116 1.297523117785647 
2.390927984247252 1.6945155633876938 1.7833180909684119 1.074459000665694 
1.023787453443163 2.455360071498433 1.8300622561502866 0.6283767998962481 
1.0168227118600934 2.6091979483613863 1.1819950024333674 0.9840987155145619 
2.6269723927498294 2.561303893612043 1.1684625612226842 0.5871525441829089 
2.6582563977640077 2.569727747838395 1.095697106324237 0.5645025834359448 
2.4444088531918906 2.4616244806877963 1.1711002973160491 0.6542442993358525 
1.3888346175159176 1.3002031357085848 1.3975683676455692 1.4417024323157117 
2.3825400331897004 2.106160062307247 1.1903708496895429 0.7267898945696313 
2.7077431180656224 1.5927709535649734 1.8513451905305969 1.0087741015892873 
2.153819419140776 2.990933188189683 1.893786232836351 0.062369162468559995 
1.629307060847823 1.6599863079333994 1.1229121320636992 0.9438763637431142 
1.4587007038982858 2.8883201628295745 1.3992873979717562 0.6878264491174354 
1.4703322950154212 1.9840147864719555 1.9362885715641647 1.0480655029496464 
2.1523475349272414 2.1882964787288786 1.443445776426342 0.847155291725728 
1.4090446648454333 2.1478348052443788 1.9595343028073113 0.8107064330904967 
1.8596102952118614 2.807988847013598 1.9415600088277873 0.12458698191941019 
1.583094331901859 1.3236177450612214 1.8790024185141267 1.9180124261777725 
2.612851370105698 1.1808858026759868 1.0844078737260323 0.6286219752534433 
2.5957725481788487 2.100881760100256 1.5372673772447198 0.7298735977411499 
2.626516573796885 1.352521894799828 1.048093423547735 0.5864496717795143 
1.3033443020499942 2.1777727582177375 1.1544972649265377 0.9981561170028156 
1.273842166990616 1.4862174904127545 1.51327334564813 1.5498640685921705 
2.383634361946278 1.3951543897667493 1.8115961695945364 1.3380775997723247 
2.04258536184581 1.736049511657013 1.5108560534431899 1.1187300823297726 
2.0800507500446335 2.3714913556904538 1.5842617521478402 0.7271097037642896 
1.5781159054517029 1.566072251735295 1.781762801247837 1.575952473512103 
2.8978307415360325 2.7457190066479393 1.8002849708869766 0.18827694661801025 
1.136860793715046 1.213189971639148 1.680088872507134 2.0015916805997422 
2.742218212380479 1.712039597081742 1.3839171256457659 0.7688163835328284 
1.3373044591692895 2.7945024270164067 1.5938730474264897 0.5561563469168816 
1.560079016768375 2.1006616548855157 1.5077124839568947 1.0798396760890565 
1.0091366714640917 1.8866334301381227 1.2158672968569473 1.1638793949948487 
2.4802427564648717 1.0773810246535909 1.4478612245957891 1.0930679245876194 
1.4595063022350443 1.6190506059226784 1.9650385476134438 1.5917999726226204 
2.730350441700416 1.8315448419139626 1.8069908244746578 0.8118573516764881 
1.396010703316435 1.9689555398912533 1.0771844342336885 0.930308367122716 
1.1244399006760297 2.1211428751599657 1.864695359116793 0.995686560704056 
1.9391384534048022 1.0544926322078125 1.6404377979988745 1.6549460295170044 
2.4938322364174503 2.609676639630192 1.8143000282057946 0.30352396889769245 
1.9014348120055087 1.805936542264744 1.201931742855476 0.9297891202084905 
2.4972314097860435 1.4075197881274377 1.4009996697399907 0.9582152157984087 
2.765884459698773 2.4795668676858726 1.4491236429896883 0.5359466523289452 
2.7760360543605738 2.6112801534535457 1.422421449026778 0.49591138236030946 
1.1913841223407684 2.259122526276599 1.2568210294130568 1.0604666318739904 
1.3539228539929118 1.1855986543476154 1.5481552905361224 1.7305192000235847 
2.3206114375309213 2.488179004591601 1.9090381249876396 0.3349955274034134 
2.425091670291623 1.3327207226432112 1.4997440650620764 1.1045832605092702 
1.3631311411140667 2.1358615502514384 1.7754383252689816 0.9992891528036103 
1.8719001701718028 1.9696742939834047 1.147638314667942 0.8721921158899751 
2.946371971313816 2.335287296549341 1.642811415986695 0.4768880824602911 
2.141471859057777 2.459266161299877 1.5241013799202865 0.6889172812109642 
2.550012154694076 2.643187372175865 1.106423341872202 0.5922942038804677 
1.673271662733052 1.0838210711071599 1.1956023717204642 1.0781061216480146 
1.5908569065526137 1.5877162389354382 1.036325595920444 0.8517722132389631 
1.8961415874519625 1.9051669144002723 1.826058630631087 1.0742413355904972 
1.2120819531565565 1.1311585824239707 1.7634172538401391 2.170626517599057 
2.578337210596527 2.128890052995602 1.5216464745781952 0.7242538303630373 
2.058859278871723 2.447599194442694 1.3313960014446364 0.7810151960312127 
1.015138086240078 2.1260948276948852 1.3172111455616287 1.1663305446650278 
2.761393690244102 1.419098723263303 1.1793532776616549 0.6570517597315015 
1.6500188410035703 1.213032116959426 1.68296824712997 1.7731888575915 
2.5317350906018383 1.6616703659166563 1.57825220144608 0.9725660220632429 
1.8961177708289723 2.697742760440593 1.6281069611640333 0.5071317844124303 
1.9462692819152612 1.2439919391186294 1.7375063984855657 1.654640483091439 
1.030292244267636 1.8633477917341255 1.279484022410965 1.2256709539555881 
1.8206998593755999 2.8416572310009367 1.1854711306441565 0.7598360897634178 
1.79357891004128 1.8845187905136964 1.7200323754845035 1.1572433816134566 
1.2725674005571677 2.667646560111875 1.0163319341907884 0.8809096498463337 
1.165100442270608 1.579868636649045 1.273236989218855 1.2609258827743686 
2.514740487855482 2.577647887374133 1.1100889900587378 0.6083307310998171 
2.9007743637230057 1.4090450912449164 1.189730283938333 0.6173032261363407 
2.4177290067550983 1.5953291814387136 1.5942585619826934 1.0668986381006944 
1.5518153056786148 1.6168174182571913 1.9914617946418725 1.5554619295115428 
2.1302826088032996 2.5757068949822566 1.8682330663181004 0.3294366423740865 
2.849117798929739 1.0748680738255711 1.6641086783477523 1.1190755917964617 
2.410132995949744 1.2446570488030422 1.0591004699298088 0.6628285164363472 
1.6339508554117503 1.8156741040124333 1.0409206242906235 0.8421331804777776 
2.6413412300694024 2.003801417787363 1.2166906945535336 0.6682235710605221 
1.2537630741961494 1.604884762722504 1.544270256345904 1.5141270776384932 
1.743742673683606 1.3463626226684777 1.472391889188361 1.38835199360936 
2.1043386058439975 1.5372491402809252 1.3718014174974114 1.0662493966571864 
2.504680396731256 2.3319844873316695 1.6009715437998115 0.6227958570529835 
2.4409160200809117 1.2950817224478672 1.3767866579086423 0.9852702644221226 
2.9589316250685918 1.1685877094191381 1.9754079549987753 1.2452169218549018 
2.048957000272906 1.3334642534572982 1.5019520058746423 1.2901783786401455 
1.159221757722221 1.327672013748435 1.45892594577843 1.5971034636856292 
1.1071887495762425 1.7440836221029785 1.2284333102576022 1.185515642241368 
2.514310595478289 1.714124068591969 1.7963919600394207 1.0009311876538893 
1.1381167322160097 2.624566419814375 1.7652752482492433 0.5176528558437236 
2.546259104452263 1.4655564317343528 1.5674267349843887 1.0485361964389042 
2.7590517775891437 1.8079935408361127 1.2899006504224237 0.6930308761123618 
1.2195305456000993 1.1415271039178823 1.7671412235663602 2.163227135205688 
2.034637129435717 2.760696982284059 1.5273804869599896 0.5351252109327003 
2.1065808302903446 1.7130855571158374 1.625506825825323 1.1548530005065325 
1.9654665978278756 1.8659565883182205 1.5390593464294522 1.0904521573076686 
2.734472318073295 1.1683715857584107 1.717047160341846 1.1991005328616622 
1.6719232876600838 1.49571795498164 1.3964204391476858 1.2731363969257976 
2.4702301672911697 2.8284321370866876 1.6241258623022348 0.3349281802940336 
2.7317263684498094 1.446849920533773 1.010520019320901 0.5226910784861323 
2.9366714935226135 1.898472576391586 1.7266109824368028 0.6912136279004487 
2.6003342038714266 1.3128512641574699 1.6512732528639278 1.1519706076414595 
2.1919613701433613 1.211196228286861 1.9981505119676934 1.778992782581187 
2.8890199827628966 2.546833015958864 1.765425925536193 0.3132965962763622 
1.036700643993566 2.1459216423356224 1.14841083893831 1.0528739341296647 
1.8912194623256124 1.6220530321980082 1.4376696502758777 1.181928216562877 
1.1270547889812175 2.1998282358527046 1.6322637508387854 1.0752915317406841 
2.901962787779292 1.4940982340275275 1.2574801170469092 0.6607603924341263 
1.6453226916873815 1.5437027500710936 1.7857894461943846 1.5721436144200025 
2.2264642147597113 1.3852134226882797 1.8405567021811429 1.4572461617105474 
2.7584521666908035 1.627583864570904 1.3190342992060107 0.7405664692403016 
1.6609119605057099 1.2949397440230406 1.4688238110494074 1.4392563471773412 
1.3038686792907375 2.0654058813562064 1.0850595175670557 0.9521748735889317 
1.6940958165840116 2.8600409057320713 1.9995536315683364 0.061899785610448316 
1.1986432460775343 1.364547025884484 1.9240628078350266 2.0828838551073656 
1.3355313541807101 2.844492445005689 1.362482232368449 0.7659951405079753 
1.6894878865590828 1.746846327888982 1.3751199259819944 1.1595457522477406 
2.8756597185065202 1.603518715977945 1.7863627440716368 0.9027501887398114 
2.8695613257631125 1.9073725753965005 1.6754972736772884 0.7163821932819688 
2.0854285752897197 2.3769031171510187 1.3698226400910678 0.7946004408228539 
2.5600060755556218 1.490990172709115 1.8509426145230314 1.1735625850536886 
2.432383639089526 1.4543150191494296 1.1212224149543113 0.7129702607086695 
2.867996022563074 2.933462228870628 1.1344873688209813 0.4782827223270507 
2.4394945864886637 2.562150608968974 1.8346585367591803 0.3264433134589354 
2.383780334308283 2.8139056079009297 1.4359729597279949 0.5063378977859019 
1.5625682439121518 1.2088018594911314 1.7588320644555369 1.920953752525108 
2.477727609127901 2.211598541269061 1.964881896038782 0.4952029047370352 
2.8636487500609755 2.076798708499826 1.6354735594477599 0.634051848409854 
1.9854172125190706 2.0635675258017407 1.7818865986738048 0.8987405539337632 
2.4958178127805772 1.8083139456412194 1.2091851094514752 0.7375231906722216 
1.325845080089603 2.761793859568872 1.8170708049648574 0.3122341720341631 
1.135480184535609 1.4048481177670016 1.3374420353366785 1.400447214143965 
2.0014670835694517 2.5782103306028064 1.2232277122854873 0.7669393095313906 
1.0409938113247064 2.819785521886607 1.1612033277578429 0.9328209093874038 
2.2479762364297042 1.4872631870842703 1.3556887345891069 1.0050037227029243 
2.572974427494228 1.3775696866851561 1.4941320846274235 1.0116890932082796 
2.712433751654883 2.3514410484527604 1.5772643473415713 0.5615674572357524 
2.165475730300042 2.849395021024651 1.6190699801484425 0.373533957054545 
1.9566090972699925 2.2373235332084613 1.6255523474123579 0.8352353292839545 
2.9176478248157824 1.836528532348494 1.3473675116078523 0.6562257618524412 
1.1187957122492007 1.8835348219528367 1.5089326235902503 1.3457893700255181 
1.6685337017752258 1.374728907768577 1.0104940268573521 0.8023673821271551 
2.5334344504954247 2.1432737955613583 1.0384105565773691 0.5921089527446934 
1.5294968277355578 1.4852638340021225 1.5669572590067822 1.511360080404164 
2.4912497128851747 1.8424163287810693 1.9128906596176822 0.8795869896958173 
2.0525985235153232 1.8235464330890978 1.3151647807588551 0.9648269764314017 
2.714735630090166 2.6516333232171565 1.0831742195316019 0.5408721738237317 
1.3658765135543176 2.5163745578916568 1.900018515980144 0.43913965928052706 
1.716735758248201 1.2434580375977013 1.8425404561986483 1.9013630638673185 
1.8892593462408969 1.0497151889032188 1.2821950937888085 1.1384805748787235 
1.0961113734660717 1.0289281177552294 1.0724340848367475 1.0255367221800027 
1.2961286856110534 2.9465192368281805 1.8418278867383986 0.15096055027579583 
1.1946893940850223 1.1066406293096875 1.6484718075716875 2.00766586770087 
1.7842139596994053 2.3356600187044205 1.0122414999889369 0.7704713408175607 
1.2711854408716488 1.2718260990030132 1.8508551746228163 2.109086059849945 
2.7721294281736064 1.0018138707276143 1.3649656572494777 0.870244526057484 
2.270085558995836 2.6667808891592992 1.4176506153882955 0.6086505368599744 
2.7786874741510377 2.1361447721668134 1.1098765599854394 0.5604850977217165 
1.7344053408379967 2.385805349955106 1.0313830902580063 0.7951963116253414 
1.3639837354683684 1.4264491728323407 1.2688718822452363 1.2341810474259478 
2.054890381376042 2.8773672905222987 1.948896253961099 0.0775568684198735 
1.8113415227176461 2.577193971707552 1.598988156299198 0.6372513814077204 
2.7493679715802024 1.1224554839149095 1.28015404024464 0.7786442617424725 
2.7735379207472604 1.3904834540445232 1.680458953816934 1.03688756296243 
2.6062815753886013 2.161129500228538 1.9650067174417862 0.5098424327988198 
2.7744843642676287 1.8320403268005903 1.7567224303127236 0.7972446112103004 
1.8257914866443856 1.9411163710933732 1.998536237733508 0.9598489004896907 
1.5389017150070807 2.8399389823698074 1.8254436255799062 0.228166430656197 
1.3130345389466758 2.700868027868981 1.029421112827158 0.8784089537867075 
1.1005100706102002 1.8942529498985798 1.6582511937898574 1.3705102966221554 
1.306467195792198 2.18369108665223 1.0671091854211545 0.9278602597801233 
2.429225260651347 1.5966370041926483 1.3891353021655757 0.9303628214009074 
2.6905249158656277 1.3526676306452279 1.196080919886816 0.7014475081923593 
1.037070306082223 2.2925952415640705 1.7558731936976468 0.898890502143779 
1.6113404286374013 1.5352560205753845 1.850132607321755 1.6246830567884059 
2.699949035285673 2.137953608451824 1.1162634017537718 0.5872945088514187 
1.2685622764480344 1.452967979284625 1.7882535633347731 1.8358959271869215 
1.305124260917533 2.5497473899806304 1.8899915779950038 0.4228263686472762 
1.8764338842675419 1.7363158957973026 1.4766901302726096 1.1659046161135258 
2.751878742813102 2.222862075151546 1.1579501157321028 0.5831813003480768 
2.590695294079204 1.1602289805764863 1.4577649532544927 1.028931748704767 
1.231561708493734 2.747145795950342 1.9577601448702526 0.17487601190105848 
1.9559888759505868 2.2524156930968378 1.581006274961191 0.8441387189679909 
2.248494391210108 2.003570507823081 1.6398035354312823 0.9022212993366499 
2.3055288975700994 1.8807054865458743 1.2514006618390707 0.821264652563565 
1.4987047440905514 1.9389813631963457 1.7151543418421018 1.204937391225938 
2.167019356235703 1.1857208548020486 1.9991765560130021 1.828991360649953 
2.284351997489653 2.8156565954969244 1.176796703135229 0.6464759410137343 
1.9664861013429593 2.9514700241769884 1.8153676509192087 0.14399920019224585 
1.409284166605124 2.069573888864998 1.331577834581081 1.101244466582002 
1.6741460350047717 1.9758981074734148 1.2040590565399598 0.9729727031792093 
1.3660812167183152 1.874011773048114 1.6190162260196876 1.3112327413668343 
2.476827505054236 2.695917582592154 1.4277813594876747 0.5390019005153455 
2.9623399403331057 1.3770361392976205 1.4880022983658565 0.8177073377837417 
1.6602980318262144 2.2779889767048274 1.8437893418484121 0.7139395410986452 
2.513255759652755 1.2096065690981272 1.9891810903709821 1.5426967115626606 
1.0382723305431463 2.339846767921329 1.5400319929660786 1.0209520609878902 
1.970307864656357 2.823397115214064 1.8361894206997853 0.20016733043976814 
2.6850424924940244 1.7555620319237066 1.6224056730232128 0.8704270537145681 
2.8115896912633076 2.2807346147494147 1.6704108484632267 0.5320490434534465 
1.71056765288717 2.7138053149586616 1.770814088163084 0.36977372809624115 
1.1833947501089073 2.368776022024001 1.2528101887341059 1.027893411654586 
2.0939719298361563 2.9545494792478397 1.819232054023789 0.13276941960700045 
2.4637471213179993 1.8278460932523777 1.6008682477898306 0.92384517180368 
1.3621076528493834 2.233027874830957 1.9486070794125585 0.7162047575593038 
1.805003374670019 1.8678390655948618 1.8299757464025754 1.1479331054184936 
2.092048048339402 2.5823746027442844 1.0597184317707924 0.7109877165336209 
1.6423518087763673 1.5244054143744694 1.3036585253132058 1.1701801693873606 
1.1898199854991345 2.655773927136793 1.467246677705406 0.8139468448999637 
2.366852276559295 2.6756984769421552 1.620892641583526 0.4418253501763037 
2.307893079031072 1.6674371194699498 1.9017216371345547 1.1449929040986275 
1.4543244689170383 1.5042349963553439 1.6571132658671335 1.6085521631866553 
1.2740706793573644 1.4342164027937614 1.3123126365924285 1.3184290782344334 
2.3706484289278364 1.748008875830211 1.99411276732248 1.0086134034327585 
2.3359405924759775 1.6362755180333046 1.573926009041372 1.0737209506013952 
2.4711991558057225 2.784062568553239 1.9054375134906087 0.133182948740854 
2.4383897625786353 1.9549656847302255 1.3840755392289155 0.822302081233944 
2.4452383453981654 1.6611554193252898 1.2424920975052287 0.7988725750631084 
1.6787475627905921 1.1574987911378172 1.8680427799437063 2.0463395624012155 
2.03836954952223 2.3704458637011503 1.926182423982405 0.4660333066989055 
2.5656995781037644 1.119052499408054 1.3336171887093449 0.9137767488646213 
1.024314406976928 2.196349946565883 1.306608118782342 1.1336885980384068 
1.7548563457650537 2.97058744197303 1.8020776201715583 0.15561668407487417 
1.4451495529992806 1.2699899059224595 1.0604090333786702 0.925807115397097 
2.3388473107694927 2.2593907716191044 1.4379892914135872 0.7555572181855397 
2.1872261507075472 1.2417668230820447 1.714255671114255 1.4907355523323331 
2.606817408498447 2.7863449561230054 1.3956166995141908 0.4899191725945705 
2.2823745967760223 2.9994220380060486 1.6118084373334662 0.2800888994273145 
2.8111363438705013 1.0688376194601694 1.2531326278365935 0.7314762404669436 
2.436291570323723 2.9253946755877305 1.9733762598497635 0.03825011322528406 
2.8191113079491945 2.4840351050542253 1.222469227961744 0.5459028631205299 
2.928754074641093 1.4297850897985054 1.6617761162638982 0.9232381288141832 
2.900331428196198 1.361999145596213 1.888058880695331 1.0888561690914198 
2.0246879393510415 2.9706210615388455 1.3656918093002095 0.5689230137686028 
1.4107044865349452 1.747776736503321 1.6752560141475676 1.4202996097076332 
1.4902736790807853 2.834897819870598 1.400073414680603 0.7108342902822445 
1.964837830801967 2.5324401881477816 1.2698480405174877 0.7867145135014 
1.0056906571578446 2.371726850353671 1.5615670125842862 0.9870345932565698 
2.2184640414608694 2.7124896692710614 1.065424291311879 0.6717397938458239 
1.2623079704032987 2.593721752257185 1.7027501543982113 0.6090595127302915 
1.021184104613401 2.728438674741857 1.4303431276054663 0.8243933215939508 
1.20001630169398 1.8235533167375086 1.6472662973251797 1.4101864555632522 
1.8661626800298459 1.9694896580877248 1.867918907800718 0.9929738381259323 
2.41528604168032 1.8300604450472515 1.0547878154554382 0.6446868350993957 
1.1963589661020773 2.017060574528733 1.847079509398256 1.1355295812501218 
2.909392713177101 1.9210457300843637 1.0741522364795677 0.511297760500068 
1.9863225567439167 1.921877630830429 1.6137791960053693 1.058473475253473 
1.1749395200005208 2.189405201177029 1.1919377092453503 1.0489562454373371 
2.764975226341826 1.2676938063519314 1.989207438764967 1.3054824447588094 
1.387989783793859 2.0083408600706107 1.5012278941277875 1.1884663727325386 
2.523000275858413 1.282439251700939 1.4617014291877455 1.035039720941553 
1.237441434441885 1.967715625235008 1.094714090466249 0.9827894126212482 
1.5811857793034856 2.95619770270687 1.4673728619663584 0.5567532108446693 
1.095665854187076 2.3847600187193088 1.4268883631683085 1.0290007269542176 
1.630740977136456 2.740787275641928 1.7388224192032034 0.392878106227217 
2.5550201680755324 1.7200160418634713 1.1843210101670487 0.7086045912648214 
2.4322295515823678 2.36894524101491 1.9282380943066695 0.3963897513194894 
2.2855523517019645 1.081972956043447 1.2545388958105477 0.9418470559230113 
2.725689658051148 1.7076700794323472 1.6890458861065194 0.8922057258455097 
2.913490916943452 1.889453044782271 1.174932020254413 0.5682762718422778 
2.974282799688604 1.019420333847848 1.3719165783208669 0.7813936857134003 
1.9340723201623347 1.5921660227177499 1.154890830159692 0.8973604897040708 
2.549198023120873 1.6304708618147923 1.1942189558684535 0.7267025616280655 
2.392671602333028 1.2186391104386782 1.9018303859064272 1.551535900324012 
1.3327790089782006 2.7541600012888106 1.6973045374360907 0.463649310990919 
2.5484268632781557 2.864123089295707 1.2091940543393727 0.5595547613448604 
2.7129145564283967 2.0424196430977135 1.8934073312771689 0.6237259063217505 
2.1629709418715866 1.9119428562105714 1.4068038288327909 0.9481389840907267 
1.2532823011737293 1.8263840585574265 1.1507953430173172 1.0530346551248728 
1.4268931313991409 2.7410557857195474 1.2657002175495187 0.8527884148746075 
2.2840706497445904 1.2344126726769278 1.7615905713760827 1.484128032222181 
2.569290543776927 1.4043494682787694 1.5724115753844499 1.0661972630509238 
2.365365810688199 1.466124064046421 1.7541628756143761 1.2599513014729504 
1.885958426652896 1.5627611769028322 1.2527863093264613 1.022816238773528 
2.9598942052643755 2.7274863166664707 1.132455522105104 0.47246351475381615 
1.641294709886142 1.0528973394475072 1.1897125969596443 1.081563344632126 
2.4449793749263997 1.551606018197589 1.479994901729773 1.0027096528852424 
1.6850644097411531 2.797782596736136 1.6278741041751712 0.46773692132369366 
2.4771124339680375 2.9038311945835855 1.4290204497583958 0.45303523609090574 
2.27069084809666 2.4200232536790143 1.5049324641510378 0.6838799992537566 
2.892266741987792 2.7589564153820265 1.4681713296023249 0.39429583738957624 
2.3423814124115827 1.390673245682964 1.042335935163769 0.6625460103397106 
1.4845098799204723 2.735078460573281 1.1723215600148431 0.8636462730572132 
1.9901896356533013 1.6852795090075952 1.170548305118071 0.8871633556266867 
2.5764795173380124 1.4748555517840403 1.0842050090293012 0.6319623640946191 
1.365606540400915 1.5066082688302436 1.2365039015749915 1.1752525700015537 
2.6155278808081355 2.9041739042615147 1.2825353903981902 0.5072512568801558 
2.9367478658285875 2.7403399905284473 1.79105769245065 0.19249227628256813 
1.188152191817039 1.4657826348919316 1.9514435573265518 1.9444645495354655 
1.6800861125565165 2.2603311579496017 1.3967437455068623 0.9605058670726018 
2.9428736371529816 2.323420581921615 1.0936399270529111 0.4957418795940977 
2.710276140281381 2.715399834710124 1.735143644133247 0.27218058780086357 
1.1333816945556543 1.4381443401714737 1.3622624983370435 1.425828951840848 
2.1634536855157123 2.2330892667610103 1.9327457919341533 0.5716111105962918 
1.8034549756113682 2.4951764816391293 1.4221796628774108 0.8072243531559374 
1.2111575986676977 1.2597684126678148 1.8517424485732636 2.152219851505559 
2.2183936502345745 2.191149501847895 1.379688885034974 0.8211911908256966 
1.2593563762036075 2.339306144158937 1.3880538267371905 1.0291014169834658 
2.001241877077928 2.893772567747638 1.4124465080507291 0.5696607169897563 
1.5992025930667932 2.0911000568082287 1.939258273411284 0.8653526860039243 
1.8750138686264204 1.4247203148149061 1.0128161367550321 0.7549371600279238 
2.239493935915325 2.5518831182765194 1.7301252280587582 0.45614735182527605 
1.1002743110715298 1.4340529974690797 1.861787173547324 1.9770964904753612 
2.3862827558773523 1.7278279624529203 1.3678210781119469 0.8986377354430364 
2.1264189108128093 1.4672253131901363 1.8234001022231037 1.4266258620471002 
1.829988490012383 1.8573522887108502 1.4637847790146017 1.1183833919260884 
1.3572012103049902 2.418043821001929 1.7431072408525956 0.7224706852773881 
2.9753764252204915 2.001510561764315 1.2368822332956082 0.5654629427930818 
1.953250610271626 1.3134425223440789 1.6418961493674957 1.4994528675235614 
1.6038236701490916 2.0873625320680835 1.1833100070857405 0.9585509156878863 
2.5051744170859807 2.6666954091221475 1.9721981048941235 0.146072347798065 
2.7965875899277055 2.9168209202155984 1.8903371215617528 0.0708005612614434 
2.5632244935890176 2.3241376970168335 1.83937075435789 0.4728043259576108 
1.702278322288982 2.9475585683548724 1.578838060003998 0.4171408209721275 
1.5635397372003237 1.9337284628112077 1.1272322684839877 0.9422413836830774 
1.9875921382885473 1.5065508983314608 1.7258901453310707 1.4113037981411367 
2.077333904976615 1.945203590163926 1.239637541650405 0.8794772227712706 
1.015795118819377 2.766942095763561 1.5417757745861616 0.6799609108654853 
1.4680027301627887 1.6025815765660179 1.2050075506705638 1.0917722658769708 
2.069867723109769 1.884810265367396 1.2828932573722294 0.9225669687931123 
1.8430614955242406 2.787446393551762 1.1237642590245258 0.7710142267139265 
2.0280114567472247 1.3835871987136081 1.4371155286067383 1.210523057200317 
1.7591363645014308 1.970976313873724 1.3405806356717491 1.0369376838025128 
1.6682925084687061 2.8280513585054887 1.953218171714673 0.11102907132364709 
2.042891967898572 2.9668189099594047 1.7130898005865705 0.22422162767130277 
1.9153244719206899 2.9741630537775556 1.1248206271179586 0.7268596424689087 
1.7008512491428498 1.2265480501757426 1.4461270279246825 1.4164710384573642 
1.5658245401413808 1.0812854245057832 1.2329882578582936 1.1714459829832884 
1.2508222070021673 1.3855376387180367 1.8348696778432938 1.9609727295935864 
2.94773350556084 1.2350769920050089 1.2997741517298205 0.7035624604102577 
2.7529713031022283 2.4459138872340773 1.2931786325421868 0.5748393409293109 
1.3764286670744383 1.8035818308768252 1.3283011595501761 1.2004362127826285 
2.924088543530382 2.6368992123490775 1.3632298723899563 0.46816851756619887 
1.3158086833663423 2.176584641548735 1.2040753814351928 1.027812689984552 
2.8848608129008158 1.3877257683674222 1.6718932734473673 0.9716592589402362 
1.6150840102847273 2.499157888003505 1.3375775988637617 0.880346031403261 
1.192681914666325 1.1935711567929685 1.791693112639904 2.159166139485448 
1.6331521956433368 2.1348568042623906 1.328964421838493 1.014276510601591 
2.9763987120643467 1.9273003051504798 1.003343650795854 0.4504525476076859 
2.581749034035234 2.6688151778847238 1.8686373039844337 0.21370438606422015 
1.6687088118866729 1.7846999306940456 1.314154176868629 1.10527889315886 
1.7615289335063091 1.1180222682504157 1.142592737102706 0.968861102052836 
1.6237417491858603 2.8670735923868795 1.871492812674251 0.15960616951876141 
1.4281535331655513 2.379764182538263 1.313564425383595 0.9760228919412806 
2.1948419085182556 2.780722688220849 1.251410451986244 0.660394159007071 
2.386175026458088 1.6790327740227278 1.7544938436731121 1.085123636238152 
2.3788341794847296 2.9470303277548853 1.2849319238819739 0.5529569810858229 
2.367030195008245 2.0753144839890814 1.7315787116149224 0.7838303692844343 
1.3383517553471793 2.6976134425798746 1.9723356807228485 0.1935446745588427 
2.8331496267242042 2.697157065432118 1.5297266062983277 0.3972249777944374 
2.566446555218726 1.3474361323051487 1.351204987894592 0.894708337745375 
1.675936738982964 1.9395827199665965 1.7979067288468202 1.1224320316203344 
2.9001580966824374 2.500995203338834 1.4395660808200832 0.4933524743752399 
1.5378235505201066 2.9660750497321597 1.6375145182400834 0.3526965308013404 
1.5294575680381024 2.6446753011401003 1.471649891746456 0.7552311118130446 
2.43290369453755 2.887861253794651 1.5759502969186772 0.35054805203806566 
2.2258856474811903 1.942919955228661 1.283569938602861 0.8562822508520985 
1.1572640921916009 2.520116846373204 1.4306000653024606 0.9333598586609996 
1.3799906379232503 2.6058959629785523 1.7511923260737334 0.5254797751539059 
2.300275797624365 2.1177789657555324 1.7308107576758096 0.7731781602249033 
2.7088590982723892 1.9559561700597698 1.5965686021324734 0.7558939924958198 
2.3302932491361714 2.898133173475573 1.3557740164632306 0.5382773139783901 
2.212562107893798 1.5505707728230933 1.2038967551721695 0.8609805006088903 
2.9529628407252453 1.2639003814488297 1.0780159201669934 0.5167392582239926 
2.5894043583339506 1.4104066398172697 1.6400539254504123 1.1014672039043767 
2.7894526928416408 1.9419231757401916 1.7846513607431589 0.7123226735472087 
2.5752676014198164 2.1716948045401807 1.9464489089494963 0.520918708532928 
2.2200044326127504 1.369585941249329 1.2159250196765432 0.890585393431857 
2.3611613421138884 2.88125621624975 1.194049740239067 0.6103531700080306 
2.837556193033837 2.6487570926103574 1.4207450976121767 0.46783344335890253 
1.9134033981211986 2.9074174193149362 1.6023872657501248 0.38976228165847926 
2.6625679588943516 2.7586569106470065 1.7348586297784734 0.25596057468583855 
1.3407959484998122 2.8934744576982263 1.0011252364544068 0.8592301557034007 
1.8893127396905327 1.744893705610303 1.8888617611341334 1.2468193377445143 
2.107661573735083 1.6862316717012635 1.272792976836719 0.9422748521227405 
1.624594090642775 1.8738421875833164 1.3028243509997584 1.085240999480255 
2.7386827955252038 2.240394375206715 1.2845018201268825 0.6208517486833857 
1.7806918742079367 1.9686641350858762 1.8593860349006863 1.0263362672487897 
1.937632867034946 2.9570547479652647 1.6234831689383318 0.33278182412381097 
1.1670210032814192 2.6080871907241647 1.1188766425980052 0.946197043776636 
2.311991872785341 2.602246767165051 1.0194644266164457 0.6351819381321118 
1.6607937204848648 2.7430491152662153 1.1061944829640882 0.8201383838586159 
2.911146191401632 1.040590235422908 1.4970277180081313 0.9300109759299064 
2.045374879293873 1.2413043124907184 1.7002936312053434 1.5588963405061684 
2.4564292053321406 2.4388888081455917 1.9165040670508122 0.3463167609446702 
2.251008210960058 2.4635380818970596 1.4415579286077966 0.6929993311315462 
2.4569243040658977 2.7290655308729805 1.1727461098533767 0.6131780233390044 
1.5992614918863723 1.7731704171271052 1.8416658808958923 1.3341272128763806 
2.719876654535274 2.1731813019130906 1.3935274064899492 0.6579376044654451 
1.1157634245827228 1.361586377955387 1.1957705065225621 1.2016450810959962 
2.9898846953681923 1.0681152090896622 1.6052661200959004 0.9815215255755075 
2.187988691177316 1.0532056891175157 1.7206879624566196 1.617656167773513 
2.5145802608323446 2.7507852851037113 1.9343290429978952 0.12739941528568882 
2.256043970102983 2.5573884015490886 1.1567309921284732 0.6937829050705899 
2.0750425565446156 1.886297255236442 1.847139332782083 1.020964899086091 
1.4849072619593167 1.334783977455905 1.4968301692405013 1.5306938279988267 
1.5052749212451615 2.509205070400263 1.925293067707656 0.4025774982555538 
2.882173296900229 2.6064331758333052 1.3704710664031352 0.48583778668044925 
1.503941954950157 1.2404065638426378 1.27245234872725 1.2306372620821273 
1.5035733042585517 2.8716160121744156 1.0108358916733418 0.8285345207340863 
2.2530306357866396 2.973621116080255 1.0049869871160861 0.6431946281573354 
2.972952191399471 2.470143506703901 1.4954273707188896 0.46659353742347326 
1.5068991876384705 1.4968588804384997 1.4238847230491227 1.3636267934877309 
1.6004248873473683 1.4078468255883532 1.5637665493221857 1.5256026878755085 
1.3523427446139142 1.8882159350301402 1.212065146248301 1.08223958572036 
1.9433338708451757 1.408723389910687 1.281884326351366 1.0619055196798035 
2.402895898439489 1.3976247302272369 1.1026242147211407 0.7062632191228648 
1.7504264816058128 2.259074394496951 1.707600759560374 0.8254617197722909 
1.4290379419862353 1.7911388268259478 1.471745571699212 1.2939879225401414 
1.9618712478808273 1.6088612454055435 1.9933633006672178 1.381287686007257 
1.2700416322361328 1.0215134357768725 1.66612430681018 2.064634789815786 
1.127799768711417 1.7164997331763663 1.405847970839997 1.3698947819386138 
2.8112792307186063 2.5823127297025787 1.3460461661144683 0.5182898809693608 
1.8096883210167733 2.637182951626952 1.7844631228428827 0.40526402837004244 
2.53369924324266 2.0444418913302123 1.0882778465492902 0.6266211995815832 
2.2923966501529662 2.5689743577712694 1.9541673010700953 0.23934580627747107 
2.607128170589264 2.909000750851677 1.3422096421382066 0.4780199119420142 
1.6219886728021808 1.1191987025845365 1.6978124689004561 1.8765183209355216 
1.130565525631671 1.0554716143311997 1.2304070259993112 1.2945414850571328 
1.1328503650424102 2.63029948095632 1.011422357272458 0.9043838610973187 
1.9149431538488482 2.837347372940237 1.3888033701632536 0.6336371836819746 
2.8702857371420185 2.1256760879823355 1.2827495831468456 0.5978680141120136 
1.6324114685702316 2.9486055426261366 1.3981504641495686 0.6257554590166069 
1.613860377863188 2.163367375103948 1.6827222915423043 0.9652392962290849 
1.9673299103694275 1.13244254634561 1.0447201387154927 0.7740459571659557 
2.574350966066285 1.5558280619626919 1.2655355593647917 0.7837236532649476 
1.4004581442639605 2.058052911424693 1.9447242810450698 0.9528179714241796 
2.3020530261976697 2.698536745379209 1.8253255896671023 0.2606711765477179 
1.6258933610827826 1.23594431735416 1.7700283100496983 1.876733893803486 
2.894150710608503 1.0416654748083596 1.8977790177403588 1.3247320908678262 
2.705068990368514 2.540245509927491 1.590533884792752 0.4633337961124699 
2.899413573148946 2.0888720392598623 1.9952941635307089 0.4760110142615678 
1.30651611066996 1.464225550030496 1.5235899758092544 1.562586754606761 
2.7797001672336386 2.9314932355817813 1.9063439094575507 0.05869845533918241 
2.982467447429357 1.382973828578554 1.5114471318229699 0.8221980266287346 
1.7095949549096663 2.6776681221300445 1.1746834914452968 0.8224311306123513 
2.7444657156051413 1.8401675472943209 1.0437271642989585 0.5412826571977721 
2.532990030741683 2.043263430989758 1.8706109177616235 0.6930979502751675 
1.2507986225034908 1.2113204135796432 1.5955545349215399 1.830402656192029 
1.6720222450060085 1.6306109527387553 1.5410903888351093 1.3444088952236988 
1.544288999955684 2.256805913748698 1.0393999664839355 0.8494993255121364 
2.9631020274085733 2.644168259538297 1.0590331045700028 0.467237605821041 
2.1607995225925034 2.954963087385938 1.7786699870389828 0.16236167777487434 
1.2546915849719267 1.2858630095266428 1.9305455216005143 2.180522380242414 
2.429798274096231 2.748270506916187 1.331247670390162 0.5784432597844804 
2.9390679050708712 1.7101768720468946 1.719861594006419 0.796798544391857 
2.740708551275185 2.015207885660094 1.73759744578551 0.6923629056666052 
1.9552834424075916 1.4764449115814684 1.3854362167051262 1.157177921426818 
1.4914262805345775 1.0965049267909286 1.4819311907209123 1.6062330195899712 
1.2873792652133156 2.2385229657791204 1.4158409273445056 1.0735262976426 
2.91142699079353 2.8288023407290153 1.1781959099378214 0.47290161708035944 
1.7586938904888985 1.2605575605310764 1.7776434907247705 1.7906197896521756 
2.2154940602252893 2.5444013040951483 1.8075508983370088 0.39741956744476853 
2.396607742080955 2.6312600860622375 1.80862051709878 0.307623404147038 
2.6859334801012986 2.499905968574809 1.0747229149649167 0.5545767697555982 
2.3821176740369756 1.7238637575632263 1.719199663936343 1.0468895771084483 
2.7588303345721226 1.2162178610046774 1.9437378013280844 1.3288634418635759 
1.148366685195752 1.412182678902758 1.3519123824943053 1.415406186493383 
1.9807425205867812 1.5182823111577668 1.6810124015700727 1.3779464545375437 
2.590591267297868 2.3463568574040967 1.8263028023644585 0.45914751961258576 
1.6322171038645126 2.827367882504114 1.836856890466327 0.219415234016626 
1.111731161422053 1.417778785673885 1.1903192617851661 1.1871258619893026 
1.1541182113654849 1.161021828922551 1.4602071263703587 1.6702832940687538 
2.4875063643271798 1.3610595751498504 1.7741957963268908 1.2793270454864816 
2.088081818156626 1.8597355703076113 1.6987146142473115 1.0669709301370374 
2.8425436273574487 1.5355052828846891 1.9486916297061314 0.9979421419822053 
2.375115989495834 2.3577924796326384 1.7481401200239999 0.5558910219866536 
2.8233775495912683 1.1003632173451425 1.5018416387976719 0.9678553619947766 
1.381763001405223 1.0018139895579476 1.6109732840246471 1.9238647018945036 
2.5651802538638595 1.2696692230038351 1.4473154497548455 1.0038434371816505 
2.8868198383690844 2.239491978163037 1.2625148229503504 0.5687428282929937 
1.7580085663371463 1.1105272786407954 1.540718451482697 1.5739872033260258 
1.1040541273158573 2.5801622064210523 1.3457166794986195 0.9510228788282942 
1.7983288471551127 2.2645318937642434 1.0312557941924996 0.7823323221044048 
2.8419206974492024 1.3012942108261272 1.7095998556446892 1.0613643544127098 
2.300602687178327 2.6569508571143396 1.3090678189545963 0.6495471834329436 
1.08436353517505 1.5088323232625136 1.6255748179240497 1.710947273477607 
2.777526588240158 2.7253154953693124 1.6524608277901374 0.31625976208119755 
2.986431302187987 2.7857761080576307 1.4352099452985532 0.3808307733970828 
1.015569401925691 1.6220896072917137 1.5673070013192683 1.5924714494275618 
1.8726585711753534 2.9580121355339273 1.2436474511159203 0.6935990520830733 
1.0509288043851364 2.374738289584259 1.9432410142755643 0.5814648078368211 
2.926580622967829 1.7766250856173207 1.0520289816721209 0.4959465820331339 
1.0687544330547138 2.803858673739562 1.7747277522269602 0.34555985303298153 
1.2417497293434356 1.2999067710334191 1.5258969196746164 1.6794884916338328 
1.2353739651939055 2.3756212184770193 1.1922109763492528 0.9975562292999647 
1.5921758488396087 1.1981414535970756 1.1046312417785935 0.9570008056613742 
1.4317048288011476 1.0108789708281627 1.450682196024744 1.6057554641749465 
1.5563075387870664 1.1916306063126336 1.920550702296647 2.1417682815811325 
2.3018327160051104 1.2597378691284606 1.6486385774090342 1.3468375911644475 
2.088897040290184 2.2513203321684276 1.3983784494687037 0.8413079135679861 
1.2420700491543528 2.1389993548722748 1.1648439421946366 1.0251054366730723 
1.479963536040586 1.8339330415720072 1.4480273018779206 1.2415116815698248 
1.1505376392722053 1.5482275229228417 1.0828870009630922 1.0116926462925528 
2.5158897855264826 1.0381116284249448 1.006876727726139 0.5792446707499216 
1.2580348390886542 2.6073738336863417 1.866536944919368 0.39789898332947926 
2.582425279564056 1.23799800920476 1.39299110375045 0.9489946743284994 
2.2019295045095153 2.4502529686938823 1.57373580758924 0.6503620214524064 
2.8414197031201853 1.7705724709630348 1.8550885940881967 0.8041889404041016 
2.6607803640304386 1.9038950879359424 1.461295311821088 0.7776078310263713 
2.4631389163440804 2.7655575509245525 1.1403975730264855 0.6074974054088652 
2.5452622351188627 1.2013939847055823 1.1589061155937035 0.7261873647500634 
1.5297579884064616 2.682338421040222 1.4371658555862044 0.7589772520635646 
1.8317609513683712 1.1687897263144542 1.6522614524408867 1.6661710805907275 
1.8742624405369903 1.3709981338511286 1.1723927089916755 0.9562910774209181 
1.2602883936475953 2.5140651462581953 1.9180895708802042 0.4302991441066618 
1.4308248978842122 1.9355017286627851 1.032246921636838 0.8762969087453238 
2.748192719635245 1.0462062193011414 1.5118310550633827 1.031651806370709 
1.5725104836023263 1.7507526056017795 1.909831395507298 1.3604039179877179 
1.9408662863133535 2.1108405838820152 1.7128884804514413 0.9022733590590852 
2.557469668408415 2.855709527195374 1.905641348488461 0.0954468101551855 
1.4185062884490829 1.2731167418313964 1.7208556803746946 1.886409484892699 
1.7212662273441115 1.93260035097246 1.038334039630116 0.8153687276586201 
2.3234629654820855 1.1110591146151092 1.9441765452316786 1.7443862104142198 
1.6411995587636001 2.052474357842342 1.5349051778248497 1.086248367991178 
1.3028092732911303 2.074118218897405 1.158366650198789 1.0164043916864471 
2.363368795851191 1.113460702408433 1.5147944958144888 1.2247471427399366 
2.6575710137103066 1.0936920554673546 1.5204880271627546 1.0779589541993027 
1.9014658786629204 2.5072838093082246 1.9090644691737328 0.3757762508076799 
2.99294371118132 2.814714916876596 1.622083418332227 0.26141485567566763 
1.4299940227339163 1.1794101891307607 1.331856403716742 1.3593540834555842 
1.3220755797909447 2.1914043575818036 1.7844183446424444 0.9374112458721052 
2.808357996550569 2.7822753557086326 1.896644294331736 0.11843719752384974 
1.208624281534758 2.050511943025854 1.4588319288549525 1.2029403811464832 
2.2930405558012588 1.5510286430068831 1.1761702199009891 0.8062003619144555 
2.3455962785420326 2.089163539773555 1.5286854124365121 0.8257018519074963 
1.6141067713077035 2.902502176824761 1.0389387840337514 0.809222548595785 
2.599237290728132 1.0387196191378172 1.1111378224938937 0.6640741405979165 
2.006603458842794 2.3284289355125667 1.6718781835087297 0.7246649199736873 
1.7898395185148113 1.7479566829012325 1.9070315889688194 1.2803622530092 
2.2903218571445834 2.285489949841906 1.13306306045203 0.7074751794740588 
1.487601038256784 2.966025340302917 1.702392622685333 0.27949819954426225 
1.4113008197083226 1.6504061271239894 1.7489399462401667 1.539537029606219 
2.6544847906425115 1.973175846231709 1.007067397114044 0.5395767196253181 
1.228961299489665 1.4194695688886583 1.1698186279858112 1.1294509526319907 
1.1220066067459864 1.0076602150323817 1.1692841330738917 1.1912919886636244 
1.7410729903182904 1.9014238965262276 1.5771383621314818 1.1590372052602875 
1.1688761092960531 2.023769737796412 1.0461155281792516 0.9419682389620102 
1.9123215543093097 2.7048242343461855 1.5571467711624942 0.5668348415390514 
2.760622509926651 2.740792950208977 1.660652525410364 0.3056682822658175 
1.395732457026548 1.563847113831294 1.2458730853319067 1.1685232942841146 
1.5675941036603218 2.252190395813221 1.4956130222095063 0.9827604446820813 
1.2408024888429223 2.4245397184458017 1.145290933879914 0.9684607013099124 
2.510947430826957 2.7602554665282573 1.9628869258227237 0.10451649513555859 
2.765117353296583 2.3988002430154034 1.933507518215177 0.31228510319111236 
2.505042651726102 1.6286994607792271 1.18303412150413 0.7329987406465245 
2.79514683037464 1.7192747110661635 1.6087984624784708 0.8353273550789185 
1.397741773498336 1.145290181103843 1.6040544379558452 1.8229285326352622 
2.5431294803213174 2.8450363074152385 1.710250787554921 0.24457624421892146 
2.78426603273748 2.389525530027856 1.394469221255136 0.5723583114356534 
2.624101122726092 2.5064547584921204 1.7340394389236136 0.40842240822717724 
2.5486589988699215 2.0361594745530325 1.7125954390220337 0.7545754248205181 
1.8206121165308269 2.8806482186575337 1.6312176195014911 0.38789622814030517 
2.9983385103193236 2.4669318775117324 1.148318111179863 0.48535757532033347 
2.1631084568739176 1.2430457234996088 1.1307960533762882 0.8207766318459322 
2.1226154221223856 1.2630354898059502 1.3739063832413565 1.1295939984458376 
2.9737475119710117 1.8668751862700397 1.6131206298179879 0.6924599712411814 
1.8742794764158834 2.6591984545511718 1.5411443949121404 0.6180720497549739 
2.361571072395085 2.4846702032711194 1.4173994719158642 0.6603683388119586 
1.362382410229309 2.633582688100489 1.1612099685610309 0.9105957166688587 
1.8049475307449558 1.6891893062358045 1.3952591043476972 1.1550754749864038 
2.443027579318587 2.2478693931908333 1.949451879455792 0.4817659442027972 
2.2241423050029336 2.5536498495690405 1.0068802128102878 0.6534660336620451 
2.668383803932152 1.667317045973748 1.2540751662164396 0.7249140290456193 
1.9453019907229252 1.7871277847025802 1.4509635439475987 1.1013864855614584 
1.1123335759442614 2.77198728532841 1.2068034392624625 0.9229041937053043 
2.6807884786233043 1.6525593035521415 1.8555796817912757 0.974080269383266 
1.1105955548716195 2.96878172447878 1.4965479403294584 0.5749327364424498 
2.0990582929805717 1.9417913446845039 1.3475839026025547 0.9346695074480542 
2.0863656786440163 1.7918857911298673 1.692070456703643 1.1218505844993643 
1.350479087084076 1.1006260706616566 1.3318980493918788 1.4027538063414187 
2.609250585697544 2.543457096645275 1.4015321154852827 0.5724529856440534 
2.9210961338968033 2.3189814737255006 1.0167917013802028 0.4708259848761636 
2.0031682658027394 2.6719318395772356 1.711129646592686 0.4261842585161766 
1.6428068480753832 1.4480080064427656 1.761881637168674 1.6572907902817389 
1.1122237477265418 1.2503202508649838 1.609162009741374 1.8771716580453948 
1.4761082312220124 2.580461708829289 1.20689066879998 0.8999606061770116 
1.133294490245783 2.454625623231334 1.341291874768424 1.006509679003748 
1.224848955578049 1.8797550017902591 1.1066726174454757 1.005148228156317 
1.6903749825365655 1.3287634234554784 1.0362927196280292 0.8319550696063968 
1.187528162746133 2.565458452598337 1.8437421647534151 0.4743860145493819 
2.186059615384374 2.770396306602766 1.88419820346369 0.17559267854620964 
2.645683436599732 1.6354540794124675 1.9421855886009172 1.0085841194730323 
1.5923033663357697 2.1303288969783556 1.744812985016764 0.9679990067962271 
1.4543253779028253 1.3572745613345345 1.0212989431786408 0.8657613718430854 
2.166395495597609 1.6446865815955387 1.6805306843421652 1.1953049569146648 
2.183822754716199 2.6500566647203883 1.9059377445537709 0.23453038063306594 
1.1571016253785185 2.4296639501480644 1.098223202535682 0.9608912893947493 
1.0452659001265059 1.5646135543986635 1.819926702746827 1.796343807583997 
1.3939445453628503 2.9187172367147474 1.4763428781117227 0.59796517034955 
1.4280876049168223 2.184426634508971 1.7525544280123764 0.9466058540244324 
2.9101914456927656 2.5438941113231257 1.9489059071793409 0.1931322451792192 
2.6025287107036177 1.6394004574311245 1.8679175472355976 1.0253698563934464 
2.373127273548887 2.6584817254373583 1.9326197403672425 0.1901339913851213 
2.7932074426772076 1.4066899667560027 1.1723448764802211 0.6409066465614192 
2.5954099695104427 2.4216838418389504 1.7788900209889305 0.4379926650116004 
1.1123254852232407 1.282688370565957 1.0937703910943122 1.0484421866832045 
1.527479155822434 2.6440552192606654 1.5487062713524762 0.6892380943596986 
2.3504745812439247 2.353857411724487 1.5530904037095146 0.6762579138363541 
2.8741041042599176 1.9857706995670563 1.7927225764248043 0.6486975795600981 
2.353033216909639 1.8881293904839687 1.8214392623995603 0.9181277979187641 
2.442332947726001 1.4183457341037542 1.957959460349742 1.3498895601783414 
1.9978362534276735 2.067734435966762 1.624152230546636 0.948488107144637 
1.3712703901204706 2.2630705438452186 1.7497136063100172 0.8763786384737356 
2.013692241929593 2.5524409868416607 1.0834928743007537 0.742576301743575 
1.3326964894644926 1.1642717702401497 1.532752349414973 1.725178208788647 
1.0233456418733167 2.4661769808164573 1.3912037617117834 1.0072586253830698 
1.8672358201111567 2.3154260952091885 1.4393787167801952 0.8755374743539269 
1.7827778441135496 1.7005374731939815 1.2892573875860882 1.0671634275669621 
2.805792450821383 2.8710507909860263 1.7463053009522387 0.1768750833699644 
2.456585651022901 1.5587734981332495 1.921063640370993 1.18400378645071 
1.7579506336185926 2.999538100295265 1.8649718289264765 0.08802489927062497 
1.9298796655334898 2.475445651439909 1.100958907340433 0.7778737961634867 
2.2365789616585796 2.562164489926346 1.709344709964523 0.46714955479329145 
1.8873727796003992 1.38700443005901 1.7457393368332774 1.5780378662130294 
2.457336892212676 2.228041145938545 1.9739336169143988 0.47775938644631927 
1.361097309130947 1.364939429514686 1.559228030969602 1.642896462334576 
2.4971424624088785 1.3860157169035041 1.448227225292332 1.005938175259535 
1.2947536168628473 2.2802321852763754 1.683392805734493 0.9285294324076729 
2.0269684096522034 2.27051488614961 1.0769653429929984 0.7537682730692521 
2.3349660151231006 2.207948008259435 1.457499724984826 0.7771629785482981 
1.6301991247985443 2.2641391023489805 1.4496364918628504 0.9679863985242874 
1.0165553778184 1.7417848041972914 1.4640757220594667 1.433860242644317 
2.5859997467868423 2.3066646088681217 1.5757451900671162 0.6225406417258036 
2.301457004537086 1.5070357153124525 1.4818497639756036 1.0859843356209815 
2.3345519974338513 2.987826005754866 1.5149339203935575 0.3699759442843102 
1.5241726231457846 1.2853846539270206 1.6602681960829102 1.752487946891913 
2.3709688115558003 2.001119915368773 1.1807755592406435 0.7380829458197867 
2.4353045325429283 1.6326264213366828 1.4504310564228742 0.9593067450323166 
1.6296701740910673 2.307537016001606 1.4989228044023792 0.9300668645076191 
2.3941580922357826 2.8140381388674096 1.1289701680417457 0.6211516196153644 
1.7364807634236232 1.9187828738399926 1.249698269615211 1.0002333728601756 
2.6534909059715455 2.86338916124939 1.7050752667365998 0.2265959161942259 
1.4601666223357401 1.0339862733830176 1.8461599222331193 2.274412771154102 
2.485171292991876 2.417054875850728 1.3069679420223852 0.6636738791491195 
1.0969880326122041 1.3934879271541807 1.4059966003999578 1.5127293507170732 
1.4798863551539425 1.0158308115681862 1.1377340037014783 1.0473744587099203 
1.4475449559456046 1.928153152018154 1.331127179095862 1.140660719472201 
1.530389349131107 2.88679951816333 1.2325233254350254 0.7972926536593169 
2.064065838420027 2.2872296288629554 1.7193380307582258 0.7111378948055961 
2.70696508984127 2.9226662900604987 1.1035990134817402 0.5258622383647509 
2.3518359310781554 2.5574277505849645 1.1714145940523282 0.6682982137106018 
1.1227013955955842 2.6320357245215944 1.3066405267018988 0.9391774796455017 
2.854469997383509 1.5835803810192277 1.625276490794752 0.8750878206627288 
2.3827686939960384 2.1871266260635145 1.9411675593279019 0.5585711117309807 
1.7670322123658155 2.3881234608951423 1.4482888441793573 0.8631625646426028 
2.376691217104282 1.1763791867833715 1.6304782822264663 1.3267818470404222 
1.892434256352342 2.4914183750141308 1.5714601130556514 0.7020264074258153 
2.0241796735933373 2.3027462943024686 1.2160927785094546 0.8172206002741257 
1.0911077062936987 2.7868712835096217 1.9521812429157377 0.15618893789117552 
1.9699528517530984 2.5326019719044517 1.690291989376029 0.5576291626964949 
1.4820713643045347 2.4021749741861367 1.2636384953601587 0.9517846871114588 
1.9550835774715873 2.6060180531563484 1.0365850543472774 0.7366792473332405 
1.174746566249297 1.0673945054830973 1.5711782541140664 1.9022310080300142 
2.1950559134926415 1.2256256441709787 1.4625089044243103 1.212617843583384 
1.4314356560261725 2.656146472166503 1.652181249833513 0.5879849569829175 
2.4308360383833216 2.953339579343628 1.7889489097231352 0.13792757757906293 
2.299696170257191 2.7408541794147814 1.9737973341647157 0.11733130532413384 
2.199492944222305 2.6367854070828067 1.1532001068895572 0.6984289061272252 
